frame x y z 
298 31.7439 12.2498 0.585168
299 31.7426 12.2467 0.561477
300 31.7413 12.2436 0.52692
301 31.74 12.2405 0.481495
302 31.7387 12.2374 0.425203
303 31.7374 12.2344 0.358044
304 31.7362 12.2313 0.280018
305 31.7349 12.2282 0.191125
306 31.7336 12.2251 0.0913655
307 31.7323 12.222 -0.0192615
308 31.731 12.2189 -0.140755
309 31.7297 12.2159 -0.273116
310 31.7284 12.2128 -0.416345
311 31.7271 12.2097 -0.57044
312 31.7258 12.2066 -0.735402
313 31.7245 12.2035 -0.911231
314 31.7233 12.2005 -1.09793
315 31.722 12.1974 -1.29549
316 31.7207 12.1943 -1.50392
317 31.7194 12.1912 -1.72322
318 31.7181 12.1881 -1.95338
319 31.7168 12.185 -2.19441
320 31.7155 12.182 -2.44631
321 31.7142 12.1789 -2.70908
322 31.7129 12.1758 -2.98271
323 31.7116 12.1727 -3.26721
324 31.7104 12.1696 -3.56258
325 31.7091 12.1665 -3.86881
326 31.7078 12.1635 -4.18591
327 31.7065 12.1604 -4.51388
328 31.7052 12.1573 -4.85271
329 31.7039 12.1542 -5.20241
330 31.7026 12.1511 -5.56298
331 31.7013 12.148 -5.93442
332 31.7 12.145 -6.31672
333 31.6987 12.1419 -6.70989
334 31.6975 12.1388 -7.11393
335 31.6962 12.1357 -7.52883
336 31.6949 12.1326 -7.9546
337 31.6936 12.1295 -8.39124
338 31.6923 12.1265 -8.83874
339 31.691 12.1234 -9.29712
340 31.6897 12.1203 -9.76636
341 31.6884 12.1172 -10.2465
342 31.6871 12.1141 -10.7374
343 31.6858 12.111 -11.2393
344 31.6846 12.108 -11.752
345 31.6833 12.1049 -12.2756
346 31.682 12.1018 -12.81
347 31.6807 12.0987 -13.3553
348 31.6794 12.0956 -13.9115
349 31.6781 12.0925 -14.4785
350 31.6768 12.0895 -15.0564
351 31.6755 12.0864 -15.6452
352 31.6742 12.0833 -16.2449
353 31.6729 12.0802 -16.8554
354 31.6717 12.0771 -17.4767
355 31.6704 12.074 -18.109
356 31.6691 12.071 -18.7521
357 31.6678 12.0679 -19.4061
358 31.6665 12.0648 -20.0709
359 31.6652 12.0617 -20.7466
360 31.6639 12.0586 -21.4332
361 31.6626 12.0556 -22.1307
362 31.6613 12.0525 -22.839
363 31.66 12.0494 -23.5582
364 31.6588 12.0463 -24.2882
365 31.6575 12.0432 -25.0291
366 31.6562 12.0401 -25.7809
367 31.6549 12.0371 -26.5435
368 31.6536 12.034 -27.3171
369 31.6523 12.0309 -28.1014
370 31.651 12.0278 -28.8967
371 31.6497 12.0247 -29.7028
372 31.6484 12.0216 -30.5198
373 31.6471 12.0186 -31.3476
374 31.6459 12.0155 -32.1864
375 31.6446 12.0124 -33.0359
376 31.6433 12.0093 -33.8964
377 31.642 12.0062 -34.7677
378 31.6407 12.0031 -35.6499
379 31.6394 12.0001 -36.543
380 31.6381 11.997 -37.4469
381 31.6368 11.9939 -38.3617
382 31.6355 11.9908 -39.2873
383 31.6342 11.9877 -40.2238
384 31.633 11.9846 -41.1712
385 31.6317 11.9816 -42.1295
386 31.6304 11.9785 -43.0986
387 31.6291 11.9754 -44.0786
388 31.6278 11.9723 -45.0695
389 31.6265 11.9692 -46.0712
390 31.6252 11.9661 -47.0838
391 31.6239 11.9631 -48.1072
392 31.6226 11.96 -49.1416
393 31.6213 11.9569 -50.1867
394 31.6201 11.9538 -51.2428
395 31.6188 11.9507 -52.3097
396 31.6175 11.9476 -53.3875
397 31.6162 11.9446 -54.4762
398 31.6149 11.9415 -55.5757
399 31.6136 11.9384 -56.6861
400 31.6123 11.9353 -57.8074
401 31.611 11.9322 -58.9395
402 31.6097 11.9291 -60.0825
403 31.6084 11.9261 -61.2363
404 31.6072 11.923 -62.4011
405 31.6059 11.9199 -63.5767
406 31.6046 11.9168 -64.7631
407 31.6033 11.9137 -65.9605
408 31.602 11.9106 -67.1687
409 31.6007 11.9076 -68.3877
410 31.5994 11.9045 -69.6177
411 31.5981 11.9014 -70.8585
412 31.5968 11.8983 -72.1101
413 31.5955 11.8952 -73.3727
414 31.5943 11.8922 -74.6461
415 31.593 11.8891 -75.9303
416 31.5917 11.886 -77.2254
417 31.5904 11.8829 -78.5315
418 31.5891 11.8798 -79.8483
419 31.5878 11.8767 -81.1761
420 31.5865 11.8737 -82.5147
421 31.5852 11.8706 -83.8641
422 31.5839 11.8675 -85.2245
423 31.5826 11.8644 -86.5957
424 31.5814 11.8613 -87.9777
425 31.5801 11.8582 -89.3707
426 31.5788 11.8552 -90.7745
427 31.5775 11.8521 -92.1891
428 31.5762 11.849 -93.6147
429 31.5749 11.8459 -95.0511
430 31.5736 11.8428 -96.4984
431 31.5723 11.8397 -97.9565
432 31.571 11.8367 -99.4255
433 31.5697 11.8336 -100.905
434 31.5685 11.8305 -102.396
435 31.5672 11.8274 -103.898
436 31.5659 11.8243 -105.41
437 31.5646 11.8212 -106.934
438 31.5633 11.8182 -108.468
439 31.562 11.8151 -110.013
440 31.5607 11.812 -111.569
441 31.5594 11.8089 -113.136
442 31.5581 11.8058 -114.713
443 31.5568 11.8027 -116.302
444 31.5556 11.7997 -117.901
445 31.5543 11.7966 -119.511
446 31.553 11.7935 -121.133
447 31.5517 11.7904 -122.765
448 31.5504 11.7873 -124.408
449 31.5491 11.7842 -126.061
450 31.5478 11.7812 -127.726
451 31.5465 11.7781 -129.401
452 31.5452 11.775 -131.088
453 31.5439 11.7719 -132.785
454 31.5427 11.7688 -134.493
455 31.5414 11.7657 -136.212
456 31.5401 11.7627 -137.942
457 31.5388 11.7596 -139.682
458 31.5375 11.7565 -141.434
459 31.5362 11.7534 -143.196
460 31.5349 11.7503 -144.97
461 31.5336 11.7473 -146.754
462 31.5323 11.7442 -148.549
463 31.531 11.7411 -150.355
464 31.5298 11.738 -152.171
465 31.5285 11.7349 -153.999
466 31.5272 11.7318 -155.838
467 31.5259 11.7288 -157.687
468 31.5246 11.7257 -159.547
469 31.5233 11.7226 -161.418
470 31.522 11.7195 -163.3
471 31.5207 11.7164 -165.193
472 31.5194 11.7133 -167.097
473 31.5181 11.7103 -169.011
474 31.5169 11.7072 -170.937
475 31.5156 11.7041 -172.873
476 31.5143 11.701 -174.82
477 31.513 11.6979 -176.778
478 31.5117 11.6948 -178.747
479 31.5104 11.6918 -180.727
480 31.5091 11.6887 -182.717
481 31.5078 11.6856 -184.719
482 31.5065 11.6825 -186.731
483 31.5052 11.6794 -188.754
484 31.504 11.6763 -190.789
485 31.5027 11.6733 -192.834
486 31.5014 11.6702 -194.889
487 31.5001 11.6671 -196.956
488 31.4988 11.664 -199.034
489 31.4975 11.6609 -201.122
490 31.4962 11.6578 -203.221
491 31.4949 11.6548 -205.331
492 31.4936 11.6517 -207.453
493 31.4923 11.6486 -209.584
494 31.4911 11.6455 -211.727
495 31.4898 11.6424 -213.881
496 31.4885 11.6393 -216.045
497 31.4872 11.6363 -218.221
498 31.4859 11.6332 -220.407
499 31.4846 11.6301 -222.604
500 31.4833 11.627 -224.812
501 31.482 11.6239 -227.031
502 31.4807 11.6208 -229.26
503 31.4794 11.6178 -231.501
504 31.4782 11.6147 -233.752
505 31.4769 11.6116 -236.015
506 31.4756 11.6085 -238.288
507 31.4743 11.6054 -240.572
508 31.473 11.6023 -242.867
509 31.4717 11.5993 -245.173
510 31.4704 11.5962 -247.489
511 31.4691 11.5931 -249.817
512 31.4678 11.59 -252.155
513 31.4665 11.5869 -254.504
514 31.4653 11.5839 -256.864
515 31.464 11.5808 -259.235
516 31.4627 11.5777 -261.617
517 31.4614 11.5746 -264.01
518 31.4601 11.5715 -266.414
519 31.4588 11.5684 -268.828
520 31.4575 11.5654 -271.253
521 31.4562 11.5623 -273.689
522 31.4549 11.5592 -276.137
523 31.4536 11.5561 -278.594
524 31.4524 11.553 -281.063
525 31.4511 11.5499 -283.543
526 31.4498 11.5469 -286.033
527 31.4485 11.5438 -288.535
528 31.4472 11.5407 -291.047
529 31.4459 11.5376 -293.57
530 31.4446 11.5345 -296.104
531 31.4433 11.5314 -298.649
532 31.442 11.5284 -301.205
533 31.4407 11.5253 -303.771
534 31.4395 11.5222 -306.349
535 31.4382 11.5191 -308.937
536 31.4369 11.516 -311.536
537 31.4356 11.5129 -314.146
538 31.4343 11.5099 -316.767
539 31.433 11.5068 -319.399
540 31.4317 11.5037 -322.041
541 31.4304 11.5006 -324.695
542 31.4291 11.4975 -327.359
543 31.4278 11.4944 -330.035
544 31.4266 11.4914 -332.721
545 31.4253 11.4883 -335.418
546 31.424 11.4852 -338.126
547 31.4227 11.4821 -340.844
548 31.4214 11.479 -343.574
549 31.4201 11.4759 -346.314
550 31.4188 11.4729 -349.066
551 31.4175 11.4698 -351.828
552 31.4162 11.4667 -354.601
553 31.4149 11.4636 -357.385
554 31.4137 11.4605 -360.18
555 31.4124 11.4574 -362.985
556 31.4111 11.4544 -365.802
557 31.4098 11.4513 -368.629
558 31.4085 11.4482 -371.467
559 31.4072 11.4451 -374.316
560 31.4059 11.442 -377.176
561 31.4046 11.439 -380.047
562 31.4033 11.4359 -382.929
563 31.402 11.4328 -385.822
564 31.4008 11.4297 -388.725
565 31.3995 11.4266 -391.639
566 31.3982 11.4235 -394.565
567 31.3969 11.4205 -397.501
568 31.3956 11.4174 -400.448
569 31.3943 11.4143 -403.405
570 31.393 11.4112 -406.374
571 31.3917 11.4081 -409.354
572 31.3904 11.405 -412.344
573 31.3891 11.402 -415.345
574 31.3879 11.3989 -418.357
575 31.3866 11.3958 -421.38
576 31.3853 11.3927 -424.414
577 31.384 11.3896 -427.459
578 31.3827 11.3865 -430.514
579 31.3814 11.3835 -433.581
580 31.3801 11.3804 -436.658
581 31.3788 11.3773 -439.746
582 31.3775 11.3742 -442.845
583 31.3762 11.3711 -445.955
584 31.375 11.368 -449.076
585 31.3737 11.365 -452.208
586 31.3724 11.3619 -455.35
587 31.3711 11.3588 -458.504
588 31.3698 11.3557 -461.668
589 31.3685 11.3526 -464.843
590 31.3672 11.3495 -468.029
591 31.3659 11.3465 -471.226
592 31.3646 11.3434 -474.434
593 31.3633 11.3403 -477.652
594 31.3621 11.3372 -480.882
595 31.3608 11.3341 -484.122
596 31.3595 11.331 -487.373
597 31.3582 11.328 -490.635
598 31.3569 11.3249 -493.908
599 31.3556 11.3218 -497.192
600 31.3543 11.3187 -500.487
601 31.353 11.3156 -503.792
602 31.3517 11.3125 -507.109
603 31.3504 11.3095 -510.436
604 31.3492 11.3064 -513.774
605 31.3479 11.3033 -517.123
606 31.3466 11.3002 -520.483
607 31.3453 11.2971 -523.854
608 31.344 11.294 -527.235
609 31.3427 11.291 -530.628
610 31.3414 11.2879 -534.031
611 31.3401 11.2848 -537.445
612 31.3388 11.2817 -540.87
613 31.3375 11.2786 -544.306
614 0.00156787 0.172507 2.65364
615 0.00027787 0.169424 -0.804032
616 -0.00101213 0.166341 -4.27257
617 -0.00230213 0.163258 -7.75198
618 -0.00359213 0.160175 -11.2423
619 -0.00488213 0.157092 -14.7434
620 0.58567 1.58958 4.04252
621 0.683922 1.81293 4.24208
622 0.682632 1.80985 0.708338
623 0.849 2.28731 4.58022
624 0.952822 2.51676 4.76138
625 1.03841 2.74539 4.89812
626 1.15563 3.01217 5.06194
627 1.29222 3.21135 5.18255
628 1.36523 3.44742 5.30306
629 1.43585 3.68663 5.39212
630 1.50584 3.9052 5.48371
631 1.50455 3.90212 1.85217
632 1.73186 4.363 5.63866
633 1.82139 4.58268 5.69647
634 1.90842 4.80287 5.74615
635 1.90713 4.79979 2.07114
636 2.09164 5.24125 5.81535
637 2.24059 5.41802 5.83918
638 2.27732 5.73632 5.84055
639 2.35062 5.95154 5.84089
640 2.41986 6.18145 5.82885
641 2.51807 6.4005 5.80132
642 2.62629 6.62329 5.76448
643 2.69406 6.84662 5.7195
644 2.77193 7.08301 5.66546
645 2.85329 7.29673 5.59383
646 2.93418 7.50824 5.51734
647 3.01339 7.73414 5.4395
648 3.12262 7.99205 5.32084
649 3.21257 8.21037 5.19495
650 3.2955 8.42339 5.08991
651 3.37894 8.63837 4.9566
652 3.46588 8.84914 4.82012
653 3.54396 9.06094 4.66922
654 3.62834 9.2679 4.50979
655 3.70566 9.48213 4.34014
656 3.79819 9.69786 4.14644
657 3.8854 9.89721 3.97405
658 3.97064 10.1047 3.77057
659 4.04851 10.3091 3.55835
660 4.14217 10.5198 3.33805
661 4.22662 10.734 3.11314
662 4.30214 10.9288 2.87441
663 4.30085 10.9257 -1.10488
664 4.46678 11.3368 2.33925
665 4.54517 11.553 2.09124
666 4.62245 11.7554 1.8125
667 4.70227 11.9527 1.50413
668 4.78372 12.1567 1.21342
669 4.86988 12.3609 0.90725
670 4.94908 12.5695 0.588154
671 4.94779 12.5664 -3.47807
672 5.05183 12.8942 0.124724
673 5.11228 12.8912 0.249265
674 5.14946 12.983 0.59134
675 5.19809 13.0097 0.784392
676 5.24478 13.0612 0.989269
677 5.29332 13.1321 1.18244
678 5.31804 13.3637 1.39982
679 5.35361 13.4627 1.58654
680 5.39478 13.5375 1.73901
681 5.43776 13.6302 1.88566
682 5.48184 13.7158 2.02503
683 5.5169 13.7862 2.15206
684 5.59722 13.9695 2.31451
685 5.62886 14.05 2.4227
686 5.62757 14.0469 -1.80653
687 5.69292 14.1431 2.58131
688 5.74054 14.2196 2.64892
689 5.77565 14.2888 2.7161
690 5.81559 14.3592 2.75368
691 5.8891 14.5044 2.79211
692 5.92833 14.5891 2.82153
693 5.95805 14.6737 2.8376
694 6.01444 14.792 2.84651
695 6.04828 14.8803 2.84363
696 6.09992 14.9599 2.82848
697 6.14604 15.0485 2.79576
698 6.1771 15.1246 2.76294
699 6.22223 15.1975 2.70979
700 6.26552 15.2886 2.65113
701 6.30762 15.3691 2.57669
702 6.33735 15.4605 2.50585
703 6.37852 15.5272 2.40157
704 6.43098 15.6092 2.29634
705 6.47021 15.6914 2.18683
706 6.50934 15.777 2.07052
707 6.55313 15.8613 1.92824
708 6.59807 15.9376 1.79036
709 6.64475 16.0172 1.64082
710 6.68561 16.0949 1.47437
711 6.72478 16.1765 1.30061
712 6.76674 16.2512 1.11581
713 6.76545 16.2481 -3.40683
714 6.98332 16.487 0.653075
715 6.96356 16.5544 0.431895
716 6.95593 16.5861 0.178938
717 6.96288 16.6185 0.155013
718 7.01053 16.6834 0.205522
719 7.04139 16.7924 0.4551
720 7.20543 16.9301 0.593119
721 7.26378 17.0432 0.718938
722 7.16932 17.0099 0.875485
723 7.21025 17.0902 0.997533
724 7.245 17.1731 1.10787
725 7.28358 17.2842 1.23483
726 7.32107 17.3644 1.31736
727 7.36025 17.4476 1.39279
728 7.40516 17.5302 1.44028
729 7.43261 17.6092 1.49121
730 7.47878 17.6923 1.53311
731 7.50932 17.7759 1.56976
732 7.55506 17.8596 1.57982
733 7.58994 17.9323 1.5825
734 7.62966 18.0156 1.59154
735 7.67259 18.1023 1.58424
736 7.70993 18.1879 1.55613
737 7.70864 18.1848 -3.22732
738 7.70735 18.1817 -8.02164
739 7.81115 18.4301 1.40452
740 7.85543 18.5063 1.34332
741 7.85414 18.5032 -3.4836
742 7.92569 18.6679 1.17276
743 7.96094 18.7419 1.06697
744 7.99902 18.8212 0.965841
745 8.04021 18.899 0.850508
746 8.07612 18.9747 0.715307
747 8.10951 19.0486 0.573734
748 8.14488 19.1465 0.392938
749 8.28535 19.2962 0.156346
750 8.24344 19.3044 0.158947
751 8.30563 19.3748 0.152884
752 8.31033 19.4087 0.33706
753 8.4932 19.6132 0.432371
754 8.37583 19.5374 0.595977
755 8.42819 19.6431 0.711598
756 8.47522 19.7165 0.774852
757 8.50913 19.7772 0.83134
758 8.5478 19.8481 0.898713
759 8.58184 19.9118 0.916762
760 8.62572 19.9779 0.939314
761 8.65292 20.0408 0.963982
762 8.69251 20.1048 0.981909
763 8.69122 20.1017 -4.08408
764 8.68993 20.0986 -9.16094
765 8.68864 20.0956 -14.2487
766 8.68735 20.0925 -19.3473
767 8.68606 20.0894 -24.4567
768 8.68477 20.0863 -29.5771
769 8.68348 20.0832 -34.7082
770 8.68219 20.0801 -39.8503
771 9.11458 20.8412 0.535989
772 9.13682 20.8902 0.485345
773 9.17094 20.962 0.35663
774 9.34676 21.1722 0.122133
775 9.29797 21.1519 0.149293
776 9.34386 21.2155 0.140305
777 9.34257 21.2124 -5.07783
778 9.50474 21.4422 0.330243
779 9.36849 21.3503 0.473917
780 9.3672 21.3472 -4.77682
781 9.36591 21.3441 -10.0384
782 9.36462 21.3411 -15.3109
783 9.36333 21.338 -20.5942
784 9.36204 21.3349 -25.8884
785 9.36075 21.3318 -31.1935
786 9.35946 21.3287 -36.5094
787 9.35817 21.3256 -41.8362
788 9.35688 21.3226 -47.1739
789 9.35559 21.3195 -52.5224
790 9.3543 21.3164 -57.8818
791 9.35301 21.3133 -63.2521
792 9.35172 21.3102 -68.6332
793 9.35043 21.3071 -74.0252
794 9.34914 21.3041 -79.4281
795 9.34785 21.301 -84.8418
796 9.34656 21.2979 -90.2665
797 9.34527 21.2948 -95.7019
798 9.34398 21.2917 -101.148
799 9.34269 21.2886 -106.605
800 9.3414 21.2856 -112.074
801 9.34011 21.2825 -117.552
802 10.1125 21.9759 0.168556
803 10.173 21.9556 0.136514
804 10.1881 21.9202 0.121404
805 10.2271 21.8897 0.12617
806 10.2506 21.8564 0.132783
807 10.2814 21.8135 0.137522
808 10.3514 21.785 0.0916226
809 10.3383 21.7252 0.114781
810 10.351 21.6733 0.115405
811 10.3733 21.6108 0.121917
812 10.4123 21.5765 0.104274
813 10.4378 21.5353 0.113598
814 10.47 21.4921 0.102711
815 10.4911 21.4384 0.110137
816 10.4933 21.384 0.108987
817 10.5299 21.3441 0.111059
818 10.5626 21.2971 0.119255
819 10.5815 21.2513 0.113162
820 10.5983 21.2037 0.105858
821 10.6331 21.1719 0.10144
822 10.6596 21.1368 0.095668
823 10.6577 21.0639 0.107906
824 10.6901 21.0208 0.103972
825 10.7344 20.9722 0.0993238
826 10.7526 20.9285 0.0947882
827 10.7551 20.8739 0.0998735
828 10.796 20.8422 0.0938905
829 10.8224 20.8009 0.0981429
830 10.8378 20.7557 0.0925995
831 10.8541 20.7134 0.103359
832 10.8822 20.6632 0.105655
833 10.8902 20.6019 0.122239
834 10.9293 20.5509 0.112689
835 10.9092 20.4722 0.132824
836 10.9357 20.4283 0.128344
837 10.9652 20.4066 0.130604
838 10.9744 20.3258 0.129376
839 10.9731 20.3227 -5.76251
840 10.9718 20.3196 -11.6653
841 10.9705 20.3166 -17.5789
842 10.9692 20.3135 -23.5034
843 10.9679 20.3104 -29.4387
844 10.9667 20.3073 -35.385
845 10.9654 20.3042 -41.342
846 10.9641 20.3011 -47.31
847 10.9628 20.2981 -53.2888
848 10.9615 20.295 -59.2785
849 10.9602 20.2919 -65.2791
850 10.9589 20.2888 -71.2905
851 10.9576 20.2857 -77.3128
852 10.9563 20.2826 -83.3459
853 10.955 20.2796 -89.39
854 10.9538 20.2765 -95.4449
855 10.9525 20.2734 -101.511
856 10.9512 20.2703 -107.587
857 10.9499 20.2672 -113.675
858 10.9486 20.2641 -119.773
859 10.9473 20.2611 -125.882
860 10.946 20.258 -132.002
861 10.9447 20.2549 -138.133
862 10.9434 20.2518 -144.275
863 10.9421 20.2487 -150.428
864 10.9409 20.2456 -156.591
865 10.9396 20.2426 -162.766
866 10.9383 20.2395 -168.951
867 10.937 20.2364 -175.147
868 10.9357 20.2333 -181.354
869 10.9344 20.2302 -187.572
870 10.9331 20.2271 -193.801
871 10.9318 20.2241 -200.041
872 10.9305 20.221 -206.291
873 10.9292 20.2179 -212.553
874 10.928 20.2148 -218.825
875 10.9267 20.2117 -225.108
876 10.9254 20.2086 -231.402
877 10.9241 20.2056 -237.707
878 10.9228 20.2025 -244.022
879 10.9215 20.1994 -250.349
880 10.9202 20.1963 -256.686
881 10.9189 20.1932 -263.035
882 10.9176 20.1901 -269.394
883 10.9163 20.1871 -275.764
884 10.9151 20.184 -282.145
885 10.9138 20.1809 -288.537
886 10.9125 20.1778 -294.939
887 10.9112 20.1747 -301.353
888 10.9099 20.1716 -307.777
889 10.9086 20.1686 -314.212
890 10.9073 20.1655 -320.658
891 10.906 20.1624 -327.115
892 10.9047 20.1593 -333.583
893 10.9034 20.1562 -340.062
894 10.9022 20.1532 -346.552
895 10.9009 20.1501 -353.052
896 10.8996 20.147 -359.563
897 10.8983 20.1439 -366.085
898 10.897 20.1408 -372.619
899 10.8957 20.1377 -379.162
900 10.8944 20.1347 -385.717
901 10.8931 20.1316 -392.283
902 10.8918 20.1285 -398.859
903 10.8905 20.1254 -405.447
904 10.8893 20.1223 -412.045
905 10.888 20.1192 -418.654
906 7.63068 13.7927 0.0121882
907 7.62939 13.7896 -6.61866
908 7.6281 13.7865 -13.2604
909 7.62681 13.7835 -19.9129
910 7.62552 13.7804 -26.5764
911 7.62423 13.7773 -33.2507
912 7.62294 13.7742 -39.9359
913 7.62165 13.7711 -46.6319
914 7.62036 13.768 -53.3389
915 7.61907 13.765 -60.0566
916 7.61778 13.7619 -66.7853
917 7.61649 13.7588 -73.5248
918 7.6152 13.7557 -80.2752
919 7.61391 13.7526 -87.0364
920 7.61262 13.7495 -93.8085
921 7.61133 13.7465 -100.592
922 7.61004 13.7434 -107.385
923 7.60875 13.7403 -114.19
924 7.60746 13.7372 -121.006
925 7.60617 13.7341 -127.832
926 7.60488 13.731 -134.669
927 7.60359 13.728 -141.518
928 7.6023 13.7249 -148.377
929 7.60101 13.7218 -155.247
930 7.59972 13.7187 -162.127
931 7.59843 13.7156 -169.019
932 7.59714 13.7125 -175.922
933 7.59585 13.7095 -182.835
934 7.59456 13.7064 -189.759
935 7.59327 13.7033 -196.694
936 7.59198 13.7002 -203.64
937 7.59069 13.6971 -210.597
938 7.5894 13.694 -217.565
939 7.58811 13.691 -224.544
940 7.58682 13.6879 -231.533
941 7.58553 13.6848 -238.533
942 7.58424 13.6817 -245.544
943 7.58295 13.6786 -252.567
944 7.58166 13.6755 -259.599
945 7.58037 13.6725 -266.643
946 7.57908 13.6694 -273.698
947 7.57779 13.6663 -280.763
948 7.5765 13.6632 -287.84
949 7.57521 13.6601 -294.927
950 7.57392 13.657 -302.025
951 7.57263 13.654 -309.134
952 7.57134 13.6509 -316.254
953 7.57005 13.6478 -323.385
954 7.56876 13.6447 -330.526
955 7.56747 13.6416 -337.679
956 7.56618 13.6385 -344.842
957 7.56489 13.6355 -352.016
958 7.5636 13.6324 -359.201
959 10.3236 15.2446 0.171129
960 10.3897 15.2891 0.191823
961 10.2019 15.1548 0.246363
962 10.2006 15.1517 -6.98217
963 10.1993 15.1486 -14.2216
964 10.198 15.1456 -21.4718
965 10.1967 15.1425 -28.733
966 10.1954 15.1394 -36.005
967 10.1942 15.1363 -43.2878
968 10.1929 15.1332 -50.5816
969 10.1916 15.1301 -57.8862
970 10.1903 15.1271 -65.2016
971 10.189 15.124 -72.528
972 10.1877 15.1209 -79.8652
973 10.1864 15.1178 -87.2132
974 10.1851 15.1147 -94.5722
975 10.1838 15.1116 -101.942
976 10.1825 15.1086 -109.323
977 10.1813 15.1055 -116.714
978 10.18 15.1024 -124.117
979 10.1787 15.0993 -131.53
980 10.1774 15.0962 -138.954
981 10.1761 15.0931 -146.389
982 10.1748 15.0901 -153.835
983 10.1735 15.087 -161.292
984 10.1722 15.0839 -168.759
985 10.1709 15.0808 -176.238
986 10.1696 15.0777 -183.727
987 10.1684 15.0746 -191.227
988 10.1671 15.0716 -198.738
989 10.1658 15.0685 -206.26
990 10.1645 15.0654 -213.793
991 10.1632 15.0623 -221.337
992 10.1619 15.0592 -228.891
993 10.1606 15.0561 -236.457
994 10.1593 15.0531 -244.033
995 10.158 15.05 -251.62
996 10.1567 15.0469 -259.218
997 10.1555 15.0438 -266.827
998 10.1542 15.0407 -274.447
999 10.1529 15.0376 -282.077
1000 10.1516 15.0346 -289.719
1001 10.1503 15.0315 -297.371
1002 10.149 15.0284 -305.034
1003 10.1477 15.0253 -312.709
1004 10.1464 15.0222 -320.393
1005 10.1451 15.0191 -328.089
1006 10.1438 15.0161 -335.796
1007 10.1426 15.013 -343.513
1008 10.1413 15.0099 -351.242
1009 10.14 15.0068 -358.981
1010 10.1387 15.0037 -366.731
1011 10.1374 15.0006 -374.492
1012 10.1361 14.9976 -382.264
1013 10.1348 14.9945 -390.047
1014 10.1335 14.9914 -397.841
1015 10.1322 14.9883 -405.645
1016 10.1309 14.9852 -413.46
1017 10.1297 14.9822 -421.287
1018 10.1284 14.9791 -429.124
1019 10.1271 14.976 -436.972
1020 10.1258 14.9729 -444.831
1021 10.1245 14.9698 -452.7
1022 10.1232 14.9667 -460.581
1023 10.1219 14.9637 -468.472
1024 10.1206 14.9606 -476.374
1025 10.1193 14.9575 -484.288
1026 10.118 14.9544 -492.212
1027 10.1168 14.9513 -500.147
1028 10.1155 14.9482 -508.092
1029 10.1142 14.9452 -516.049
1030 10.1129 14.9421 -524.016
1031 10.1116 14.939 -531.995
1032 10.1103 14.9359 -539.984
1033 10.109 14.9328 -547.984
1034 10.1077 14.9297 -555.995
1035 10.1064 14.9267 -564.017
1036 10.1051 14.9236 -572.05
1037 10.1039 14.9205 -580.093
1038 10.1026 14.9174 -588.148
1039 10.1013 14.9143 -596.213
1040 10.1 14.9112 -604.289
1041 10.0987 14.9082 -612.376
1042 10.0974 14.9051 -620.474
1043 10.0961 14.902 -628.583
1044 10.0948 14.8989 -636.702
1045 10.0935 14.8958 -644.833
1046 10.0922 14.8927 -652.974
1047 10.091 14.8897 -661.126
1048 10.0897 14.8866 -669.289
1049 10.0884 14.8835 -677.463
1050 10.0871 14.8804 -685.648
1051 10.0858 14.8773 -693.844
1052 10.0845 14.8742 -702.051
1053 10.0832 14.8712 -710.268
1054 10.0819 14.8681 -718.496
1055 10.0806 14.865 -726.735
1056 10.0793 14.8619 -734.985
1057 10.0781 14.8588 -743.246
1058 10.0768 14.8557 -751.518
1059 10.0755 14.8527 -759.801
1060 10.0742 14.8496 -768.094
1061 10.0729 14.8465 -776.399
1062 10.0716 14.8434 -784.714
1063 10.0703 14.8403 -793.04
1064 10.069 14.8373 -801.377
1065 10.0677 14.8342 -809.725
1066 10.0664 14.8311 -818.084
1067 10.0652 14.828 -826.453
1068 10.0639 14.8249 -834.834
1069 10.0626 14.8218 -843.225
1070 10.0613 14.8188 -851.627
1071 10.06 14.8157 -860.04
1072 10.0587 14.8126 -868.464
1073 10.0574 14.8095 -876.899
1074 10.0561 14.8064 -885.344
1075 10.0548 14.8033 -893.801
1076 10.0535 14.8003 -902.268
1077 10.0523 14.7972 -910.746
1078 10.051 14.7941 -919.236
1079 10.0497 14.791 -927.736
1080 10.0484 14.7879 -936.246
1081 10.0471 14.7848 -944.768
1082 10.0458 14.7818 -953.301
1083 10.0445 14.7787 -961.844
1084 10.0432 14.7756 -970.398
1085 10.0419 14.7725 -978.964
1086 10.0406 14.7694 -987.54
1087 10.0394 14.7663 -996.127
1088 10.0381 14.7633 -1004.72
1089 10.0368 14.7602 -1013.33
1090 10.0355 14.7571 -1021.95
1091 10.0342 14.754 -1030.58
1092 10.0329 14.7509 -1039.22
1093 10.0316 14.7478 -1047.88
1094 10.0303 14.7448 -1056.54
1095 10.029 14.7417 -1065.21
1096 10.0277 14.7386 -1073.9
1097 10.0265 14.7355 -1082.59
1098 10.0252 14.7324 -1091.3
1099 10.0239 14.7293 -1100.02
1100 10.0226 14.7263 -1108.75
1101 10.0213 14.7232 -1117.48
1102 10.02 14.7201 -1126.23
1103 10.0187 14.717 -1135
1104 10.0174 14.7139 -1143.77
1105 10.0161 14.7108 -1152.55
1106 10.0148 14.7078 -1161.34
1107 10.0136 14.7047 -1170.15
1108 10.0123 14.7016 -1178.96
1109 10.011 14.6985 -1187.79
1110 10.0097 14.6954 -1196.62
1111 10.0084 14.6923 -1205.47
1112 10.0071 14.6893 -1214.33
1113 10.0058 14.6862 -1223.2
1114 10.0045 14.6831 -1232.08
1115 10.0032 14.68 -1240.97
1116 10.0019 14.6769 -1249.87
1117 10.0007 14.6739 -1258.79
1118 9.99937 14.6708 -1267.71
1119 9.99808 14.6677 -1276.65
1120 9.99679 14.6646 -1285.59
1121 9.9955 14.6615 -1294.55
1122 9.99421 14.6584 -1303.51
1123 9.99292 14.6554 -1312.49
1124 9.99163 14.6523 -1321.48
1125 9.99034 14.6492 -1330.48
1126 9.98905 14.6461 -1339.49
1127 9.98776 14.643 -1348.51
1128 9.98647 14.6399 -1357.55
1129 9.98518 14.6369 -1366.59
1130 9.98389 14.6338 -1375.64
1131 9.9826 14.6307 -1384.71
1132 9.98131 14.6276 -1393.78
1133 9.98002 14.6245 -1402.87
1134 9.97873 14.6214 -1411.97
1135 9.97744 14.6184 -1421.08
1136 9.97615 14.6153 -1430.2
1137 9.97486 14.6122 -1439.33
1138 9.97357 14.6091 -1448.47
1139 9.97228 14.606 -1457.62
1140 9.97099 14.6029 -1466.78
1141 9.9697 14.5999 -1475.96
1142 9.96841 14.5968 -1485.14
1143 9.96712 14.5937 -1494.34
1144 9.96583 14.5906 -1503.54
1145 9.96454 14.5875 -1512.76
1146 9.96325 14.5844 -1521.99
1147 9.96196 14.5814 -1531.23
1148 9.96067 14.5783 -1540.48
1149 9.95938 14.5752 -1549.74
1150 9.95809 14.5721 -1559.01
1151 9.9568 14.569 -1568.29
1152 9.95551 14.5659 -1577.59
1153 9.95422 14.5629 -1586.89
1154 9.95293 14.5598 -1596.2
1155 9.95164 14.5567 -1605.53
1156 9.95035 14.5536 -1614.87
1157 9.94906 14.5505 -1624.21
1158 9.94777 14.5474 -1633.57
1159 9.94648 14.5444 -1642.94
1160 9.94519 14.5413 -1652.32
1161 9.9439 14.5382 -1661.71
1162 9.94261 14.5351 -1671.12
1163 9.94132 14.532 -1680.53
1164 9.94003 14.529 -1689.95
1165 9.93874 14.5259 -1699.39
1166 9.93745 14.5228 -1708.83
1167 9.93616 14.5197 -1718.29
1168 9.93487 14.5166 -1727.76
1169 9.93358 14.5135 -1737.23
1170 9.93229 14.5105 -1746.72
1171 9.931 14.5074 -1756.22
1172 9.92971 14.5043 -1765.73
1173 9.92842 14.5012 -1775.25
1174 9.92713 14.4981 -1784.79
1175 9.92584 14.495 -1794.33
1176 9.92455 14.492 -1803.88
1177 9.92326 14.4889 -1813.45
1178 9.92197 14.4858 -1823.02
1179 9.92068 14.4827 -1832.61
1180 9.91939 14.4796 -1842.21
1181 9.9181 14.4765 -1851.82
1182 9.91681 14.4735 -1861.44
1183 9.91552 14.4704 -1871.07
1184 9.91423 14.4673 -1880.71
1185 9.91294 14.4642 -1890.36
1186 9.91165 14.4611 -1900.02
1187 9.91036 14.458 -1909.7
1188 9.90907 14.455 -1919.38
1189 9.90778 14.4519 -1929.08
1190 9.90649 14.4488 -1938.78
1191 9.9052 14.4457 -1948.5
1192 9.90391 14.4426 -1958.23
1193 9.90262 14.4395 -1967.97
1194 9.90133 14.4365 -1977.72
1195 9.90004 14.4334 -1987.48
1196 9.89875 14.4303 -1997.25
1197 9.89746 14.4272 -2007.03
1198 9.89617 14.4241 -2016.82
1199 9.89488 14.421 -2026.63
1200 9.89359 14.418 -2036.44
1201 9.8923 14.4149 -2046.27
1202 9.89101 14.4118 -2056.1
1203 9.88972 14.4087 -2065.95
1204 9.88843 14.4056 -2075.81
1205 9.88714 14.4025 -2085.68
1206 9.88585 14.3995 -2095.56
1207 9.88456 14.3964 -2105.45
1208 9.88327 14.3933 -2115.35
1209 9.88198 14.3902 -2125.27
1210 9.88069 14.3871 -2135.19
1211 9.8794 14.384 -2145.12
1212 9.87811 14.381 -2155.07
1213 9.87682 14.3779 -2165.02
1214 9.87553 14.3748 -2174.99
1215 -1.08449 21.0286 0.515175
1216 -1.08578 21.0255 -9.47358
1217 -1.08707 21.0224 -19.4732
1218 -1.08836 21.0194 -29.4837
1219 -1.08965 21.0163 -39.5051
1220 -1.09094 21.0132 -49.5373
1221 -1.09223 21.0101 -59.5804
1222 -1.09352 21.007 -69.6343
1223 -1.09481 21.0039 -79.6992
1224 -1.0961 21.0009 -89.7749
1225 -1.09739 20.9978 -99.8614
1226 -1.09868 20.9947 -109.959
1227 -1.09997 20.9916 -120.067
1228 -1.10126 20.9885 -130.186
1229 -1.10255 20.9854 -140.316
1230 -1.10384 20.9824 -150.457
1231 -1.10513 20.9793 -160.609
1232 -1.10642 20.9762 -170.772
1233 -1.10771 20.9731 -180.945
1234 -1.109 20.97 -191.129
1235 -1.11029 20.9669 -201.325
1236 -1.11158 20.9639 -211.531
1237 -1.11287 20.9608 -221.748
1238 -1.11416 20.9577 -231.976
1239 -1.11545 20.9546 -242.214
1240 -1.11674 20.9515 -252.464
1241 -1.11803 20.9484 -262.724
1242 -1.11932 20.9454 -272.996
1243 -1.12061 20.9423 -283.278
1244 -1.1219 20.9392 -293.571
1245 -1.12319 20.9361 -303.875
1246 -1.12448 20.933 -314.189
1247 -1.12577 20.9299 -324.515
1248 -1.12706 20.9269 -334.852
1249 -1.12835 20.9238 -345.199
1250 -1.12964 20.9207 -355.557
1251 -1.13093 20.9176 -365.926
1252 -1.13222 20.9145 -376.306
1253 -1.13351 20.9114 -386.697
1254 -1.1348 20.9084 -397.099
1255 -1.13609 20.9053 -407.511
1256 -1.13738 20.9022 -417.935
1257 0.839883 16.9292 3.81449
1258 0.838593 16.9261 -6.63068
1259 1.06566 16.3727 4.02076
1260 1.06437 16.3696 -6.44615
1261 1.34624 15.8644 4.18293
1262 1.49285 15.6272 4.29106
1263 1.63391 15.3835 4.37525
1264 1.63262 15.3804 -6.13513
1265 1.90313 14.9088 4.506
1266 2.04094 14.6673 4.532
1267 2.1825 14.422 4.56464
1268 2.31393 14.1766 4.58153
1269 2.45559 13.933 4.58718
1270 2.58593 13.6895 4.58143
1271 2.72198 13.4422 4.57475
1272 2.84851 13.2123 4.56119
1273 2.97186 12.974 4.52075
1274 3.10349 12.7338 4.47778
1275 3.23003 12.4902 4.42707
1276 3.36006 12.2608 4.36911
1277 3.48811 12.0274 4.29204
1278 3.61863 11.7956 4.19631
1279 3.75638 11.569 4.10212
1280 3.88057 11.335 3.99967
1281 4.00934 11.0952 3.87853
1282 4.14325 10.8615 3.75292
1283 4.30189 10.5863 3.59424
1284 4.42509 10.3518 3.45198
1285 4.55397 10.1224 3.29479
1286 4.65824 9.96341 3.16199
1287 4.75756 9.76342 3.03595
1288 4.94019 9.43694 2.7775
1289 5.07049 9.21124 2.57926
1290 5.19119 8.9845 2.3827
1291 5.31823 8.75583 2.17022
1292 5.43694 8.53357 1.94987
1293 5.55692 8.29827 1.74857
1294 5.59929 8.20981 1.59479
1295 5.7951 7.94809 1.26451
1296 5.83581 7.77535 1.10231
1297 5.95918 7.55344 0.840233
1298 6.1918 7.20788 0.436222
1299 6.19051 7.2048 -10.4545
1300 6.3 6.94423 0.106656
1301 6.43428 6.91627 0.395014
1302 6.45102 6.7205 0.668915
1303 6.51158 6.61944 0.854031
1304 6.58907 6.52021 1.02382
1305 6.63458 6.4109 1.19513
1306 6.67563 6.30848 1.34236
1307 6.72692 6.20274 1.49316
1308 6.78317 6.09279 1.62052
1309 6.82701 5.98949 1.74371
1310 6.87472 5.88257 1.85082
1311 6.91853 5.77873 1.94463
1312 6.99231 5.67534 2.03382
1313 7.05153 5.5622 2.09944
1314 7.08933 5.45259 2.17155
1315 7.14519 5.35661 2.22185
1316 7.19999 5.24938 2.27394
1317 7.24371 5.15355 2.29558
1318 7.30036 5.05175 2.31634
1319 7.34847 4.94173 2.32947
1320 7.40458 4.84365 2.31425
1321 7.44492 4.73953 2.31014
1322 7.50596 4.63995 2.28872
1323 7.55295 4.54151 2.25341
1324 7.60155 4.43651 2.2239
1325 7.64954 4.33271 2.16042
1326 7.70934 4.23985 2.08599
1327 7.78229 4.10381 1.99482
1328 7.8165 4.01589 1.92012
1329 7.86236 3.92199 1.81948
1330 7.92115 3.82265 1.71864
1331 7.96073 3.72303 1.58124
1332 8.01561 3.62105 1.45677
1333 8.08566 3.50371 1.31657
1334 8.14311 3.4116 1.13814
1335 8.18544 3.31116 0.990079
1336 8.23795 3.20731 0.813593
1337 8.293 3.10876 0.622596
1338 8.32448 3.05446 0.460814
1339 8.39305 2.88431 0.15424
1340 8.43401 2.83038 0.11637
1341 8.48205 2.72485 0.278218
1342 8.54825 2.65071 0.46166
1343 8.59738 2.54345 0.59676
1344 8.65206 2.44888 0.712534
1345 8.6938 2.35445 0.833743
1346 8.74813 2.25118 0.930506
1347 8.79689 2.14964 1.01836
1348 8.8523 2.04568 1.09957
1349 8.9009 1.94594 1.1649
1350 8.96411 1.84455 1.21834
1351 9.00903 1.75113 1.26347
1352 9.06745 1.65289 1.29735
1353 9.11763 1.5541 1.32498
1354 9.17296 1.45754 1.31577
1355 9.2234 1.36532 1.31244
1356 9.2685 1.2592 1.30605
1357 9.31612 1.15384 1.28413
1358 9.36754 1.0636 1.26928
1359 9.40992 0.963104 1.23778
1360 9.4651 0.868168 1.18289
1361 9.52245 0.775402 1.10444
1362 9.56208 0.683658 1.04258
1363 9.61708 0.590301 0.964726
1364 9.65307 0.495058 0.862359
1365 9.70845 0.404485 0.744966
1366 9.76269 0.310695 0.6403
1367 9.79578 0.223894 0.502527
1368 9.85987 0.145046 0.388816
1369 9.88184 0.0283037 0.169444
1370 9.91464 -0.0389902 0.132307
1371 10.0463 -0.163834 0.163033
1372 10.1152 -0.249465 0.308648
1373 10.0527 -0.278873 0.486361
1374 10.1062 -0.363029 0.563078
1375 10.2146 -0.519092 0.627095
1376 10.267 -0.609796 0.674567
1377 10.2244 -0.595877 0.765951
1378 10.3579 -0.773088 0.769147
1379 10.3566 -0.776171 -10.9909
1380 10.4482 -0.969941 0.797372
1381 10.5118 -1.06336 0.823034
1382 10.5426 -1.13431 0.839989
1383 10.5413 -1.13739 -10.9636
1384 10.54 -1.14048 -22.778
1385 10.5387 -1.14356 -34.6033
1386 10.5374 -1.14664 -46.4394
1387 10.8209 -1.61982 0.634565
1388 10.8196 -1.6229 -11.2233
1389 10.8183 -1.62599 -23.0921
1390 10.9557 -1.85496 0.441162
1391 10.9544 -1.85804 -11.4493
1392 10.9531 -1.86113 -23.3507
1393 10.9518 -1.86421 -35.2629
1394 10.9505 -1.86729 -47.186
1395 10.9492 -1.87037 -59.12
1396 10.948 -1.87346 -71.0648
1397 10.9467 -1.87654 -83.0205
1398 10.9454 -1.87962 -94.987
1399 10.9441 -1.88271 -106.964
1400 10.9428 -1.88579 -118.953
1401 10.9415 -1.88887 -130.952
1402 10.9402 -1.89196 -142.962
1403 10.9389 -1.89504 -154.983
1404 10.9376 -1.89812 -167.015
1405 10.9363 -1.9012 -179.057
1406 10.9351 -1.90429 -191.111
1407 10.9338 -1.90737 -203.175
1408 10.9325 -1.91045 -215.25
1409 10.9312 -1.91354 -227.336
1410 10.9299 -1.91662 -239.433
1411 10.9286 -1.9197 -251.541
1412 10.9273 -1.92279 -263.66
1413 10.926 -1.92587 -275.789
1414 10.9247 -1.92895 -287.93
1415 10.9234 -1.93203 -300.081
1416 10.9222 -1.93512 -312.243
1417 10.9209 -1.9382 -324.416
1418 10.9196 -1.94128 -336.6
1419 10.9183 -1.94437 -348.795
1420 10.917 -1.94745 -361.001
1421 10.9157 -1.95053 -373.217
1422 10.9144 -1.95362 -385.445
1423 10.9131 -1.9567 -397.683
1424 10.9118 -1.95978 -409.932
1425 10.9105 -1.96286 -422.192
1426 10.9093 -1.96595 -434.463
1427 10.908 -1.96903 -446.744
1428 10.9067 -1.97211 -459.037
1429 10.9054 -1.9752 -471.34
1430 10.9041 -1.97828 -483.655
1431 10.9028 -1.98136 -495.98
1432 10.9015 -1.98445 -508.316
1433 10.9002 -1.98753 -520.663
1434 10.8989 -1.99061 -533.021
1435 10.8976 -1.99369 -545.389
1436 10.8964 -1.99678 -557.769
1437 10.8951 -1.99986 -570.159
1438 10.8938 -2.00294 -582.56
1439 10.8925 -2.00603 -594.972
1440 10.8912 -2.00911 -607.395
1441 10.8899 -2.01219 -619.829
1442 10.8886 -2.01528 -632.274
1443 10.8873 -2.01836 -644.729
1444 10.886 -2.02144 -657.196
1445 10.8847 -2.02452 -669.673
1446 10.8835 -2.02761 -682.161
1447 10.8822 -2.03069 -694.66
1448 10.8809 -2.03377 -707.17
1449 10.8796 -2.03686 -719.691
1450 10.8783 -2.03994 -732.223
1451 10.877 -2.04302 -744.765
1452 10.8757 -2.04611 -757.319
1453 10.8744 -2.04919 -769.883
1454 10.8731 -2.05227 -782.458
1455 10.8718 -2.05536 -795.044
1456 10.8706 -2.05844 -807.641
1457 10.8693 -2.06152 -820.249
1458 10.868 -2.0646 -832.867
1459 10.8667 -2.06769 -845.497
1460 10.8654 -2.07077 -858.137
1461 10.8641 -2.07385 -870.788
1462 10.8628 -2.07694 -883.45
1463 10.8615 -2.08002 -896.123
1464 10.8602 -2.0831 -908.807
1465 10.8589 -2.08619 -921.501
1466 10.8577 -2.08927 -934.207
1467 10.8564 -2.09235 -946.923
1468 10.8551 -2.09543 -959.651
1469 10.8538 -2.09852 -972.389
1470 10.8525 -2.1016 -985.138
1471 10.8512 -2.10468 -997.898
1472 10.8499 -2.10777 -1010.67
1473 10.8486 -2.11085 -1023.45
1474 10.8473 -2.11393 -1036.24
1475 10.846 -2.11702 -1049.05
1476 10.8448 -2.1201 -1061.86
1477 10.8435 -2.12318 -1074.68
1478 10.8422 -2.12626 -1087.52
1479 10.8409 -2.12935 -1100.37
1480 10.8396 -2.13243 -1113.23
1481 10.8383 -2.13551 -1126.09
1482 10.837 -2.1386 -1138.97
1483 10.8357 -2.14168 -1151.86
1484 10.8344 -2.14476 -1164.76
1485 10.8331 -2.14785 -1177.68
1486 10.8319 -2.15093 -1190.6
1487 10.8306 -2.15401 -1203.53
1488 10.8293 -2.15709 -1216.48
1489 10.828 -2.16018 -1229.43
1490 10.8267 -2.16326 -1242.4
1491 10.8254 -2.16634 -1255.38
1492 10.8241 -2.16943 -1268.36
1493 10.8228 -2.17251 -1281.36
1494 10.8215 -2.17559 -1294.37
1495 10.8202 -2.17868 -1307.39
1496 10.819 -2.18176 -1320.43
1497 10.8177 -2.18484 -1333.47
1498 10.8164 -2.18792 -1346.52
1499 10.8151 -2.19101 -1359.59
1500 10.8138 -2.19409 -1372.66
1501 10.8125 -2.19717 -1385.75
1502 10.8112 -2.20026 -1398.84
1503 10.8099 -2.20334 -1411.95
1504 10.8086 -2.20642 -1425.07
1505 10.8073 -2.20951 -1438.2
1506 10.8061 -2.21259 -1451.34
1507 10.8048 -2.21567 -1464.49
1508 10.8035 -2.21875 -1477.65
1509 10.8022 -2.22184 -1490.82
1510 10.8009 -2.22492 -1504.01
1511 10.7996 -2.228 -1517.2
1512 10.7983 -2.23109 -1530.41
1513 10.797 -2.23417 -1543.62
1514 10.7957 -2.23725 -1556.85
1515 10.7944 -2.24034 -1570.09
1516 10.7932 -2.24342 -1583.34
1517 10.7919 -2.2465 -1596.6
1518 10.7906 -2.24958 -1609.87
1519 10.7893 -2.25267 -1623.15
1520 10.788 -2.25575 -1636.44
1521 10.7867 -2.25883 -1649.75
1522 10.7854 -2.26192 -1663.06
1523 10.7841 -2.265 -1676.38
1524 10.7828 -2.26808 -1689.72
1525 10.7815 -2.27117 -1703.07
1526 10.7803 -2.27425 -1716.42
1527 10.779 -2.27733 -1729.79
1528 10.7777 -2.28041 -1743.17
1529 10.7764 -2.2835 -1756.56
1530 10.7751 -2.28658 -1769.96
1531 10.7738 -2.28966 -1783.38
1532 10.7725 -2.29275 -1796.8
1533 10.7712 -2.29583 -1810.23
1534 10.7699 -2.29891 -1823.68
1535 10.7686 -2.302 -1837.13
1536 10.7674 -2.30508 -1850.6
1537 10.7661 -2.30816 -1864.07
1538 10.7648 -2.31124 -1877.56
1539 10.7635 -2.31433 -1891.06
1540 10.7622 -2.31741 -1904.57
1541 10.7609 -2.32049 -1918.09
1542 10.7596 -2.32358 -1931.62
1543 10.7583 -2.32666 -1945.17
1544 10.757 -2.32974 -1958.72
1545 10.7557 -2.33283 -1972.28
1546 10.7545 -2.33591 -1985.86
1547 10.7532 -2.33899 -1999.44
1548 10.7519 -2.34207 -2013.04
1549 10.7506 -2.34516 -2026.65
1550 10.7493 -2.34824 -2040.27
1551 10.748 -2.35132 -2053.89
1552 10.7467 -2.35441 -2067.53
1553 10.7454 -2.35749 -2081.19
1554 10.7441 -2.36057 -2094.85
1555 10.7428 -2.36366 -2108.52
1556 10.7416 -2.36674 -2122.2
1557 10.7403 -2.36982 -2135.9
1558 10.739 -2.3729 -2149.6
1559 10.7377 -2.37599 -2163.32
1560 10.7364 -2.37907 -2177.05
1561 10.7351 -2.38215 -2190.78
1562 10.7338 -2.38524 -2204.53
1563 10.7325 -2.38832 -2218.29
1564 10.7312 -2.3914 -2232.06
1565 10.7299 -2.39449 -2245.84
1566 10.7287 -2.39757 -2259.64
1567 10.7274 -2.40065 -2273.44
1568 10.7261 -2.40373 -2287.25
1569 10.7248 -2.40682 -2301.08
1570 10.7235 -2.4099 -2314.91
1571 10.7222 -2.41298 -2328.76
1572 10.7209 -2.41607 -2342.62
1573 10.7196 -2.41915 -2356.49
1574 10.7183 -2.42223 -2370.37
1575 10.717 -2.42532 -2384.26
1576 10.7158 -2.4284 -2398.16
1577 10.7145 -2.43148 -2412.07
1578 10.7132 -2.43456 -2425.99
1579 10.7119 -2.43765 -2439.92
1580 10.7106 -2.44073 -2453.87
1581 10.7093 -2.44381 -2467.82
1582 10.708 -2.4469 -2481.79
1583 10.7067 -2.44998 -2495.77
1584 10.7054 -2.45306 -2509.76
1585 10.7041 -2.45615 -2523.75
1586 10.7029 -2.45923 -2537.76
1587 10.7016 -2.46231 -2551.78
1588 10.7003 -2.46539 -2565.82
1589 10.699 -2.46848 -2579.86
1590 10.6977 -2.47156 -2593.91
1591 10.6964 -2.47464 -2607.97
1592 10.6951 -2.47773 -2622.05
1593 10.6938 -2.48081 -2636.13
1594 10.6925 -2.48389 -2650.23
1595 10.6912 -2.48698 -2664.34
1596 10.69 -2.49006 -2678.46
1597 10.6887 -2.49314 -2692.59
1598 10.6874 -2.49622 -2706.73
1599 10.6861 -2.49931 -2720.88
1600 10.6848 -2.50239 -2735.04
1601 10.6835 -2.50547 -2749.21
1602 10.6822 -2.50856 -2763.39
1603 10.6809 -2.51164 -2777.59
1604 10.6796 -2.51472 -2791.79
1605 10.6783 -2.51781 -2806.01
1606 10.6771 -2.52089 -2820.24
1607 10.6758 -2.52397 -2834.47
1608 10.6745 -2.52705 -2848.72
1609 10.6732 -2.53014 -2862.98
1610 10.6719 -2.53322 -2877.25
1611 10.6706 -2.5363 -2891.53
1612 10.6693 -2.53939 -2905.83
1613 10.668 -2.54247 -2920.13
1614 10.6667 -2.54555 -2934.44
1615 10.6654 -2.54864 -2948.77
1616 10.6642 -2.55172 -2963.1
1617 10.6629 -2.5548 -2977.45
1618 10.6616 -2.55788 -2991.81
1619 10.6603 -2.56097 -3006.18
1620 10.659 -2.56405 -3020.55
1621 10.6577 -2.56713 -3034.94
1622 10.6564 -2.57022 -3049.35
1623 10.6551 -2.5733 -3063.76
1624 10.6538 -2.57638 -3078.18
1625 10.6525 -2.57947 -3092.61
1626 10.6513 -2.58255 -3107.06
1627 10.65 -2.58563 -3121.51
1628 10.6487 -2.58871 -3135.98
1629 10.6474 -2.5918 -3150.45
1630 10.6461 -2.59488 -3164.94
1631 10.6448 -2.59796 -3179.44
1632 10.6435 -2.60105 -3193.95
1633 10.6422 -2.60413 -3208.47
1634 10.6409 -2.60721 -3223
1635 10.6396 -2.6103 -3237.54
1636 10.6384 -2.61338 -3252.1
1637 10.6371 -2.61646 -3266.66
1638 10.6358 -2.61954 -3281.24
1639 10.6345 -2.62263 -3295.82
1640 10.6332 -2.62571 -3310.42
1641 10.6319 -2.62879 -3325.02
1642 10.6306 -2.63188 -3339.64
1643 10.6293 -2.63496 -3354.27
1644 10.628 -2.63804 -3368.91
1645 10.6267 -2.64113 -3383.56
1646 10.6255 -2.64421 -3398.22
1647 10.6242 -2.64729 -3412.9
1648 10.6229 -2.65037 -3427.58
1649 10.6216 -2.65346 -3442.27
1650 10.6203 -2.65654 -3456.98
1651 10.619 -2.65962 -3471.69
1652 10.6177 -2.66271 -3486.42
1653 10.1794 -2.43684 0.933813
1654 10.1781 -2.43992 -13.8147
1655 10.1768 -2.44301 -28.5741
1656 10.1755 -2.44609 -43.3443
1657 10.1742 -2.44917 -58.1255
1658 10.1729 -2.45226 -72.9174
1659 10.1717 -2.45534 -87.7203
1660 10.1704 -2.45842 -102.534
1661 10.1691 -2.4615 -117.359
1662 10.1678 -2.46459 -132.194
1663 10.1665 -2.46767 -147.04
1664 10.1652 -2.47075 -161.898
1665 10.1639 -2.47384 -176.766
1666 10.2293 -2.08222 1.58806
1667 10.2313 -2.06316 1.64245
1668 10.23 -2.06624 -13.2582
1669 10.2287 -2.06933 -28.1697
1670 10.2274 -2.07241 -43.0921
1671 10.2261 -2.07549 -58.0254
1672 10.2248 -2.07858 -72.9695
1673 10.2236 -2.08166 -87.9245
1674 10.2223 -2.08474 -102.89
1675 10.221 -2.08782 -117.867
1676 10.2197 -2.09091 -132.855
1677 10.2184 -2.09399 -147.853
1678 10.2171 -2.09707 -162.862
1679 10.2158 -2.10016 -177.883
1680 10.2145 -2.10324 -192.914
1681 10.2132 -2.10632 -207.956
1682 10.2119 -2.10941 -223.008
1683 10.2107 -2.11249 -238.072
1684 10.2094 -2.11557 -253.147
1685 10.2081 -2.11865 -268.232
1686 10.2068 -2.12174 -283.328
1687 10.2055 -2.12482 -298.435
1688 10.2042 -2.1279 -313.553
1689 10.2029 -2.13099 -328.682
1690 10.2016 -2.13407 -343.822
1691 10.2003 -2.13715 -358.973
1692 10.199 -2.14024 -374.134
1693 10.1978 -2.14332 -389.306
1694 10.1965 -2.1464 -404.49
1695 10.0636 -0.920586 0.0601401
1696 10.017 -0.614282 0.821721
1697 10.0157 -0.617365 -14.3941
1698 10.0144 -0.620448 -29.6207
1699 10.0131 -0.623531 -44.8583
1700 10.017 -0.476731 0.190304
1701 10.0481 -0.479425 0.223392
1702 10.0468 -0.482508 -15.0467
1703 10.3489 -0.501069 0.326407
1704 10.3476 -0.504152 -14.9655
1705 10.3463 -0.507235 -30.2682
1706 10.345 -0.510318 -45.5818
1707 10.3437 -0.513401 -60.9063
1708 10.3424 -0.516484 -76.2416
1709 10.3412 -0.519567 -91.5878
1710 10.3399 -0.52265 -106.945
1711 10.3386 -0.525733 -122.313
1712 10.3373 -0.528816 -137.692
1713 10.336 -0.531899 -153.081
1714 10.3347 -0.534982 -168.482
1715 10.3334 -0.538065 -183.893
1716 10.3321 -0.541148 -199.316
1717 10.3308 -0.544231 -214.749
1718 10.3295 -0.547314 -230.193
1719 10.3283 -0.550397 -245.648
1720 10.327 -0.55348 -261.113
1721 10.3257 -0.556563 -276.59
1722 10.3244 -0.559646 -292.077
1723 10.3231 -0.562729 -307.576
1724 10.3218 -0.565812 -323.085
1725 10.3205 -0.568895 -338.605
1726 10.3192 -0.571978 -354.136
1727 10.3179 -0.575061 -369.678
1728 10.3166 -0.578144 -385.23
1729 10.3154 -0.581227 -400.794
1730 10.3141 -0.58431 -416.368
1731 10.3128 -0.587393 -431.954
1732 10.3115 -0.590476 -447.55
1733 10.3102 -0.593559 -463.157
1734 10.3089 -0.596642 -478.775
1735 9.23802 1.29439 0.0904057
1736 9.14229 1.38664 0.14612
1737 9.15315 1.41091 0.286527
1738 9.15186 1.40783 -15.3748
1739 9.15057 1.40474 -31.047
1740 9.14928 1.40166 -46.7301
1741 9.14799 1.39858 -62.4241
1742 9.1467 1.3955 -78.1289
1743 9.14541 1.39241 -93.8446
1744 9.14412 1.38933 -109.571
1745 9.14283 1.38625 -125.309
1746 9.14154 1.38316 -141.057
1747 9.14025 1.38008 -156.816
1748 9.13896 1.377 -172.586
1749 9.13767 1.37391 -188.367
1750 9.13638 1.37083 -204.159
1751 9.13509 1.36775 -219.961
1752 9.1338 1.36467 -235.775
1753 9.13251 1.36158 -251.599
1754 9.13122 1.3585 -267.434
1755 9.12993 1.35542 -283.28
1756 9.12864 1.35233 -299.137
1757 9.12735 1.34925 -315.005
1758 9.12606 1.34617 -330.884
1759 9.12477 1.34308 -346.773
1760 9.12348 1.34 -362.674
1761 9.12219 1.33692 -378.585
1762 9.1209 1.33384 -394.507
1763 9.11961 1.33075 -410.44
1764 9.11832 1.32767 -426.384
1765 9.11703 1.32459 -442.339
1766 9.11574 1.3215 -458.305
1767 9.11445 1.31842 -474.281
1768 9.11316 1.31534 -490.268
1769 9.11187 1.31225 -506.267
1770 9.11058 1.30917 -522.276
1771 9.10929 1.30609 -538.296
1772 9.108 1.30301 -554.327
1773 9.10671 1.29992 -570.368
1774 9.10542 1.29684 -586.421
1775 9.10413 1.29376 -602.484
1776 7.24878 3.01886 0.144528
1777 7.24031 3.03889 0.164751
1778 7.23902 3.03581 -15.9313
1779 7.34168 3.11016 0.459143
1780 7.34039 3.10708 -15.6586
1781 7.3391 3.10399 -31.7873
1782 7.33781 3.10091 -47.9267
1783 7.33652 3.09783 -64.0771
1784 7.33523 3.09474 -80.2383
1785 7.33394 3.09166 -96.4104
1786 7.33265 3.08858 -112.593
1787 7.33136 3.0855 -128.787
1788 7.33007 3.08241 -144.992
1789 7.32878 3.07933 -161.208
1790 7.32749 3.07625 -177.434
1791 7.3262 3.07316 -193.671
1792 7.32491 3.07008 -209.919
1793 7.32362 3.067 -226.178
1794 7.32233 3.06391 -242.448
1795 7.32104 3.06083 -258.729
1796 7.31975 3.05775 -275.021
1797 7.31846 3.05467 -291.323
1798 7.31717 3.05158 -307.637
1799 7.31588 3.0485 -323.961
1800 7.31459 3.04542 -340.296
1801 7.3133 3.04233 -356.642
1802 7.31201 3.03925 -372.999
1803 7.31072 3.03617 -389.366
1804 7.30943 3.03308 -405.745
1805 7.30814 3.03 -422.134
1806 6.44993 4.19166 0.168534
1807 6.44864 4.18858 -16.2426
1808 6.44735 4.18549 -32.6647
1809 6.44606 4.18241 -49.0976
1810 6.44477 4.17933 -65.5414
1811 6.44348 4.17624 -81.996
1812 6.44219 4.17316 -98.4615
1813 6.4409 4.17008 -114.938
1814 6.43961 4.167 -131.425
1815 6.43832 4.16391 -147.923
1816 6.43703 4.16083 -164.432
1817 6.43574 4.15775 -180.952
1818 6.43445 4.15466 -197.483
1819 6.43316 4.15158 -214.024
1820 6.43187 4.1485 -230.577
1821 6.43058 4.14541 -247.14
1822 6.42929 4.14233 -263.714
1823 6.428 4.13925 -280.299
1824 6.42671 4.13617 -296.895
1825 6.42542 4.13308 -313.502
1826 6.42413 4.13 -330.12
1827 6.42284 4.12692 -346.748
1828 6.42155 4.12383 -363.388
1829 6.42026 4.12075 -380.038
1830 6.41897 4.11767 -396.699
1831 6.41768 4.11458 -413.371
1832 6.41639 4.1115 -430.054
1833 6.4151 4.10842 -446.747
1834 6.41381 4.10534 -463.452
1835 6.41252 4.10225 -480.168
1836 6.41123 4.09917 -496.894
1837 6.40994 4.09609 -513.631
1838 6.40865 4.093 -530.379
1839 6.40736 4.08992 -547.138
1840 6.40607 4.08684 -563.908
1841 6.40478 4.08375 -580.688
1842 6.40349 4.08067 -597.48
1843 6.4022 4.07759 -614.282
1844 6.40091 4.07451 -631.096
1845 6.39962 4.07142 -647.92
1846 6.39833 4.06834 -664.755
1847 6.39704 4.06526 -681.601
1848 6.39575 4.06217 -698.457
1849 6.39446 4.05909 -715.325
1850 6.39317 4.05601 -732.203
1851 6.39188 4.05292 -749.093
1852 6.39059 4.04984 -765.993
1853 6.3893 4.04676 -782.904
1854 6.38801 4.04368 -799.826
1855 6.38672 4.04059 -816.759
1856 6.38543 4.03751 -833.702
1857 6.38414 4.03443 -850.657
1858 6.38285 4.03134 -867.622
1859 6.38156 4.02826 -884.598
1860 6.38027 4.02518 -901.586
1861 6.37898 4.02209 -918.584
1862 6.37769 4.01901 -935.592
1863 6.3764 4.01593 -952.612
1864 6.37511 4.01285 -969.643
1865 6.37382 4.00976 -986.684
1866 6.37253 4.00668 -1003.74
1867 6.37124 4.0036 -1020.8
1868 6.36995 4.00051 -1037.87
1869 6.36866 3.99743 -1054.96
1870 6.36737 3.99435 -1072.05
1871 6.36608 3.99126 -1089.16
1872 6.36479 3.98818 -1106.28
1873 6.3635 3.9851 -1123.41
1874 6.36221 3.98202 -1140.55
1875 6.36092 3.97893 -1157.7
1876 6.35963 3.97585 -1174.86
1877 6.35834 3.97277 -1192.03
1878 6.35705 3.96968 -1209.21
1879 6.35576 3.9666 -1226.41
1880 6.35447 3.96352 -1243.61
1881 6.35318 3.96043 -1260.83
1882 6.35189 3.95735 -1278.05
1883 6.3506 3.95427 -1295.29
1884 6.34931 3.95119 -1312.54
1885 6.34802 3.9481 -1329.8
1886 5.12198 4.13001 2.48348
1887 5.12361 3.90632 2.66345
1888 5.10504 3.69726 2.83756
1889 5.10089 3.48225 2.99621
1890 5.08426 3.27304 3.16378
1891 5.08163 3.06999 3.30643
1892 5.07417 2.86753 3.40874
1893 5.05573 2.6576 3.54364
1894 5.07085 2.45682 3.63071
1895 5.04361 2.24997 3.72562
1896 5.06224 4.92288 0.104784
1897 5.06616 1.83943 3.88347
1898 5.04315 1.63847 3.93664
1899 5.14066 4.81357 0.180888
1900 5.00528 1.23808 4.0148
1901 5.00399 1.235 -13.4179
1902 5.0027 1.23191 -30.8614
1903 5.12791 4.74383 1.64608
1904 4.98348 0.443812 4.08476
1905 4.98117 0.246635 4.056
1906 4.98306 0.0529605 4.03093
1907 4.98536 -0.143796 3.99251
1908 4.9615 -0.339898 3.95636
1909 4.96105 -0.524969 3.90746
1910 4.95506 -0.718139 3.83122
1911 4.95377 -0.721222 -13.7101
1912 4.96493 4.6612 1.32843
1913 4.96364 4.65812 -16.2346
1914 4.96235 4.65503 -33.8086
1915 4.96106 4.65195 -51.3934
1916 4.95977 4.64887 -68.9891
1917 4.95848 4.64578 -86.5956
1918 5.12845 4.93788 1.64737
1919 4.94057 -1.35503 2.89747
1920 4.93182 -1.26205 2.77561
1921 4.93142 -1.1545 2.61335
1922 4.93013 -1.15758 -15.0475
1923 4.92884 -1.16067 -32.7193
1924 4.92892 -0.879401 2.1522
1925 4.9404 -0.770732 1.94349
1926 4.93054 -0.648449 1.74656
1927 5.45769 4.81927 0.282376
1928 5.22517 4.89489 0.561492
1929 4.91489 -0.355087 1.09067
1930 4.91707 -0.254036 0.863466
1931 4.9236 -0.162084 0.604203
1932 4.96408 -0.267289 0.263871
1933 4.88688 0.0407029 0.145409
1934 4.88393 0.144076 0.321123
1935 4.89857 0.228763 0.474367
1936 4.89936 0.314007 0.652187
1937 4.89754 0.400028 0.817953
1938 4.91099 0.47752 0.97129
1939 4.89661 0.582885 1.11811
1940 4.90652 0.64943 1.22958
1941 4.89961 0.75816 1.37121
1942 4.89924 0.823638 1.46843
1943 4.88952 0.934161 1.57992
1944 4.88417 1.02794 1.65
1945 4.8924 1.11126 1.73565
1946 4.9029 1.20191 1.80428
1947 4.89459 1.29291 1.85256
1948 4.89458 1.38108 1.8909
1949 4.89613 1.46391 1.92616
1950 4.88972 1.5478 1.95048
1951 4.89066 1.63513 1.95768
1952 4.8864 1.72877 1.95032
1953 4.88895 1.80644 1.95154
1954 4.88897 1.89751 1.92479
1955 4.8911 1.9858 1.88569
1956 4.89078 2.06945 1.85233
1957 4.89024 2.16132 1.78565
1958 4.89716 2.24401 1.72765
1959 4.90021 2.32493 1.64658
1960 4.88682 2.41218 1.5625
1961 4.8985 2.51085 1.45289
1962 4.96059 2.58199 1.30129
1963 4.89723 2.67141 1.23034
1964 4.89638 2.75609 1.11058
1965 4.87686 2.85535 0.964433
1966 4.88115 2.92895 0.817452
1967 4.71361 4.37949 0.0784959
1968 4.92593 3.09109 0.497833
1969 4.99751 4.25347 1.71025
1970 4.88676 3.2626 0.13419
1971 4.89527 3.30549 0.136003
1972 4.89398 3.30241 -18.0682
1973 4.90646 3.49692 0.505938
1974 4.93654 3.57863 0.599886
1975 4.9551 3.67248 0.706406
1976 4.95381 3.6694 -17.5413
1977 4.95252 3.66631 -35.7999
1978 4.95123 3.66323 -54.0693
1979 4.94994 3.66015 -72.3496
1980 4.94865 3.65706 -90.6408
1981 4.94736 3.65398 -108.943
1982 4.94607 3.6509 -127.256
1983 4.94478 3.64782 -145.579
1984 4.94349 3.64473 -163.914
1985 4.9422 3.64165 -182.26
1986 4.94091 3.63857 -200.616
1987 4.93962 3.63548 -218.983
1988 4.93833 3.6324 -237.361
1989 4.93704 3.62932 -255.75
1990 4.93575 3.62623 -274.15
1991 4.93446 3.62315 -292.561
1992 4.93317 3.62007 -310.982
1993 4.93188 3.61699 -329.415
1994 4.93059 3.6139 -347.858
1995 4.9293 3.61082 -366.312
1996 4.92801 3.60774 -384.777
1997 4.92672 3.60465 -403.253
1998 4.92543 3.60157 -421.74
1999 4.92414 3.59849 -440.238
2000 4.92285 3.5954 -458.746
2001 4.92156 3.59232 -477.266
2002 4.92027 3.58924 -495.796
2003 4.91898 3.58616 -514.337
2004 4.91769 3.58307 -532.889
2005 4.9164 3.57999 -551.452
2006 4.91511 3.57691 -570.026
2007 4.91382 3.57382 -588.61
2008 4.91253 3.57074 -607.206
2009 4.597 4.62146 1.45111
2010 4.59571 4.61838 -17.1661
2011 4.55198 4.65823 1.40342
2012 4.55069 4.65515 -17.2355
2013 4.60104 4.71637 1.4578
2014 4.59975 4.71329 -17.2028
2015 4.6747 4.8024 0.346317
2016 4.67341 4.79932 -18.3361
2017 4.67212 4.79623 -37.0293
2018 4.67083 4.79315 -55.7334
2019 4.66954 4.79007 -74.4484
2020 4.66825 4.78698 -93.1743
2021 4.66696 4.7839 -111.911
2022 4.66567 4.78082 -130.659
2023 4.66438 4.77774 -149.417
2024 4.66309 4.77465 -168.186
2025 4.6618 4.77157 -186.967
2026 4.66051 4.76849 -205.758
2027 4.65922 4.7654 -224.559
2028 4.65793 4.76232 -243.372
2029 4.65664 4.75924 -262.196
2030 4.65535 4.75615 -281.03
2031 4.65406 4.75307 -299.876
2032 4.65277 4.74999 -318.732
2033 4.79454 5.02686 0.118489
2034 4.79325 5.02378 -18.7595
2035 4.79196 5.02069 -37.6484
2036 4.79067 5.01761 -56.5481
2037 4.78938 5.01453 -75.4587
2038 4.47437 4.47872 0.125688
2039 4.88335 4.77255 0.167363
2040 3.77834 4.0304 2.5608
2041 3.77705 4.02732 -16.3933
2042 3.48846 3.70409 2.92537
2043 3.33008 3.58621 3.00817
2044 3.19554 3.41794 3.1805
2045 3.04771 3.25701 3.33671
2046 2.90577 3.0995 3.45473
2047 2.7395 2.93842 3.58109
2048 2.62117 2.78245 3.69996
2049 2.48011 2.62997 3.79152
2050 2.47882 2.62689 -15.2603
2051 2.47753 2.6238 -34.3231
2052 2.02824 2.17259 4.01886
2053 1.89739 2.01246 4.08296
2054 1.74691 1.86144 4.12721
2055 1.60224 1.70147 4.16735
2056 1.60095 1.69839 -14.9497
2057 1.32531 1.39691 4.1988
2058 1.18705 1.24378 4.19986
2059 1.04288 1.10209 4.18631
2060 0.883556 0.952684 4.15995
2061 0.781301 0.791845 4.13737
2062 0.613247 0.662488 4.0845
2063 0.611957 0.659405 -15.1086
2064 4.4669 4.11442 1.21531
2065 4.42761 4.10156 1.19868
2066 4.42576 4.1568 1.17726
2067 4.42319 4.15316 1.12805
2068 4.4219 4.15008 -18.1194
2069 4.42061 4.14699 -37.3778
2070 4.41932 4.14391 -56.647
2071 4.41803 4.14083 -75.927
2072 4.41674 4.13774 -95.218
2073 4.41545 4.13466 -114.52
2074 4.41416 4.13158 -133.832
2075 4.41287 4.1285 -153.156
2076 4.41158 4.12541 -172.49
2077 4.41029 4.12233 -191.836
2078 4.72533 4.42749 0.648816
2079 4.72404 4.42441 -18.7182
2080 4.72275 4.42132 -38.0961
2081 4.72146 4.41824 -57.4848
2082 4.72017 4.41516 -76.8844
2083 4.656 4.34682 1.73984
2084 4.65471 4.34374 -17.6815
2085 4.65342 4.34065 -37.1137
2086 4.65213 4.33757 -56.5568
2087 4.65084 4.33449 -76.0107
2088 4.64955 4.3314 -95.4755
2089 4.64826 4.32832 -114.951
2090 4.64697 4.32524 -134.438
2091 4.64568 4.32216 -153.935
2092 4.64439 4.31907 -173.443
2093 4.6431 4.31599 -192.963
2094 4.64181 4.31291 -212.493
2095 4.64052 4.30982 -232.033
2096 4.63923 4.30674 -251.585
2097 4.63794 4.30366 -271.148
2098 4.63665 4.30057 -290.721
2099 4.63536 4.29749 -310.306
2100 4.63407 4.29441 -329.901
2101 4.63278 4.29133 -349.507
2102 4.63149 4.28824 -369.124
2103 4.6302 4.28516 -388.752
2104 4.62891 4.28208 -408.39
2105 4.62762 4.27899 -428.04
2106 4.62633 4.27591 -447.7
2107 4.62504 4.27283 -467.372
2108 4.62375 4.26974 -487.054
2109 4.62246 4.26666 -506.747
2110 4.62117 4.26358 -526.451
2111 4.61988 4.2605 -546.165
2112 4.61859 4.25741 -565.891
2113 4.6173 4.25433 -585.628
2114 4.61601 4.25125 -605.375
2115 4.61472 4.24816 -625.133
2116 4.61343 4.24508 -644.902
2117 4.61214 4.242 -664.682
2118 4.61085 4.23891 -684.473
2119 4.60956 4.23583 -704.275
2120 4.60827 4.23275 -724.087
2121 4.60698 4.22967 -743.911
2122 4.60569 4.22658 -763.745
2123 4.6044 4.2235 -783.59
2124 4.60311 4.22042 -803.446
2125 4.60182 4.21733 -823.313
2126 4.60053 4.21425 -843.191
2127 4.59924 4.21117 -863.079
2128 4.59795 4.20808 -882.979
2129 4.59666 4.205 -902.889
2130 4.59537 4.20192 -922.81
2131 4.59408 4.19884 -942.743
2132 4.59279 4.19575 -962.685
2133 4.5915 4.19267 -982.639
2134 4.59021 4.18959 -1002.6
2135 4.58892 4.1865 -1022.58
2136 4.58763 4.18342 -1042.57
2137 4.58634 4.18034 -1062.56
2138 4.58505 4.17725 -1082.57
2139 4.58376 4.17417 -1102.59
2140 4.58247 4.17109 -1122.62
2141 4.58118 4.16801 -1142.66
2142 4.57989 4.16492 -1162.71
2143 4.5786 4.16184 -1182.78
2144 4.57731 4.15876 -1202.85
2145 4.57602 4.15567 -1222.93
2146 4.57473 4.15259 -1243.03
2147 4.57344 4.14951 -1263.13
2148 4.57215 4.14642 -1283.25
2149 4.57086 4.14334 -1303.38
2150 4.56957 4.14026 -1323.52
2151 4.56828 4.13718 -1343.67
2152 4.56699 4.13409 -1363.83
2153 4.5657 4.13101 -1384
2154 4.56441 4.12793 -1404.18
2155 4.56312 4.12484 -1424.37
2156 4.56183 4.12176 -1444.58
2157 4.56054 4.11868 -1464.79
2158 4.55925 4.11559 -1485.02
2159 4.55796 4.11251 -1505.25
2160 4.55667 4.10943 -1525.5
2161 4.55538 4.10635 -1545.76
2162 4.55409 4.10326 -1566.03
2163 4.5528 4.10018 -1586.31
2164 4.55151 4.0971 -1606.6
2165 4.55022 4.09401 -1626.9
2166 4.54893 4.09093 -1647.21
2167 4.54764 4.08785 -1667.54
2168 4.54635 4.08476 -1687.87
2169 4.54506 4.08168 -1708.21
2170 4.54377 4.0786 -1728.57
2171 4.54248 4.07552 -1748.94
2172 4.54119 4.07243 -1769.31
2173 4.5399 4.06935 -1789.7
2174 -1.91448 -3.5467 0.252209
2175 -1.91577 -3.54978 -20.158
2176 -1.91706 -3.55287 -40.5791
2177 -1.91835 -3.55595 -61.0111
2178 -1.91964 -3.55903 -81.454
2179 -1.92093 -3.56212 -101.908
2180 -1.92222 -3.5652 -122.372
2181 -1.92351 -3.56828 -142.848
2182 -1.9248 -3.57136 -163.334
2183 -1.92609 -3.57445 -183.831
2184 -1.92738 -3.57753 -204.339
2185 -1.92867 -3.58061 -224.858
2186 -1.92996 -3.5837 -245.388
2187 -1.93125 -3.58678 -265.929
2188 -1.93254 -3.58986 -286.48
2189 -1.93383 -3.59295 -307.042
2190 -1.93512 -3.59603 -327.616
2191 -1.93641 -3.59911 -348.2
2192 -1.9377 -3.60219 -368.795
2193 -1.93899 -3.60528 -389.401
2194 -1.94028 -3.60836 -410.017
2195 -1.94157 -3.61144 -430.645
2196 -1.94286 -3.61453 -451.283
2197 -1.94415 -3.61761 -471.933
2198 -1.94544 -3.62069 -492.593
2199 -1.94673 -3.62378 -513.264
2200 -1.94802 -3.62686 -533.946
2201 -1.94931 -3.62994 -554.639
2202 -1.9506 -3.63302 -575.342
2203 -1.95189 -3.63611 -596.057
2204 -1.95318 -3.63919 -616.782
2205 -1.95447 -3.64227 -637.518
2206 -1.95576 -3.64536 -658.266
2207 -1.95705 -3.64844 -679.024
2208 -1.95834 -3.65152 -699.792
2209 -1.95963 -3.65461 -720.572
2210 -1.96092 -3.65769 -741.363
2211 -1.96221 -3.66077 -762.164
2212 -1.9635 -3.66385 -782.976
2213 -1.96479 -3.66694 -803.8
2214 -1.96608 -3.67002 -824.634
2215 -1.96737 -3.6731 -845.479
2216 -1.96866 -3.67619 -866.334
2217 -1.96995 -3.67927 -887.201
2218 -1.97124 -3.68235 -908.079
2219 -1.97253 -3.68544 -928.967
2220 -1.97382 -3.68852 -949.866
2221 -1.97511 -3.6916 -970.776
2222 -1.9764 -3.69468 -991.697
2223 -1.97769 -3.69777 -1012.63
2224 -1.97898 -3.70085 -1033.57
2225 -1.98027 -3.70393 -1054.53
2226 -1.98156 -3.70702 -1075.49
2227 -1.98285 -3.7101 -1096.47
2228 -1.98414 -3.71318 -1117.45
2229 -1.98543 -3.71627 -1138.45
2230 -1.98672 -3.71935 -1159.46
2231 -1.98801 -3.72243 -1180.48
2232 -1.9893 -3.72551 -1201.5
2233 -1.99059 -3.7286 -1222.55
2234 -1.99188 -3.73168 -1243.6
2235 -1.99317 -3.73476 -1264.66
2236 -1.99446 -3.73785 -1285.73
2237 -1.99575 -3.74093 -1306.82
2238 -1.99704 -3.74401 -1327.91
2239 -1.99833 -3.7471 -1349.02
2240 -1.99962 -3.75018 -1370.13
2241 -2.00091 -3.75326 -1391.26
2242 -2.0022 -3.75634 -1412.4
2243 -2.00349 -3.75943 -1433.55
2244 -2.00478 -3.76251 -1454.71
2245 -2.00607 -3.76559 -1475.88
2246 -2.00736 -3.76868 -1497.06
2247 -2.00865 -3.77176 -1518.25
2248 -2.00994 -3.77484 -1539.46
2249 -2.01123 -3.77793 -1560.67
2250 -2.01252 -3.78101 -1581.9
2251 -2.01381 -3.78409 -1603.13
2252 -2.0151 -3.78717 -1624.38
2253 -2.01639 -3.79026 -1645.64
2254 -2.01768 -3.79334 -1666.91
2255 -2.01897 -3.79642 -1688.19
2256 -2.02026 -3.79951 -1709.48
2257 -2.02155 -3.80259 -1730.78
2258 -2.02284 -3.80567 -1752.09
2259 -2.02413 -3.80876 -1773.41
2260 -2.02542 -3.81184 -1794.75
2261 -2.02671 -3.81492 -1816.09
2262 -2.028 -3.818 -1837.45
2263 -2.02929 -3.82109 -1858.81
2264 -2.03058 -3.82417 -1880.19
2265 -2.03187 -3.82725 -1901.58
2266 -2.03316 -3.83034 -1922.98
2267 -2.03445 -3.83342 -1944.39
2268 -2.03574 -3.8365 -1965.81
2269 -2.03703 -3.83959 -1987.24
2270 -2.03832 -3.84267 -2008.68
2271 -2.03961 -3.84575 -2030.14
2272 -2.0409 -3.84883 -2051.6
2273 -2.04219 -3.85192 -2073.08
2274 -2.04348 -3.855 -2094.56
2275 -2.04477 -3.85808 -2116.06
2276 -2.04606 -3.86117 -2137.57
2277 -2.04735 -3.86425 -2159.09
2278 -2.04864 -3.86733 -2180.62
2279 -2.04993 -3.87042 -2202.16
2280 -2.05122 -3.8735 -2223.71
2281 -2.05251 -3.87658 -2245.27
2282 -2.0538 -3.87966 -2266.84
2283 -2.05509 -3.88275 -2288.43
2284 -2.05638 -3.88583 -2310.02
2285 -2.05767 -3.88891 -2331.63
2286 -2.05896 -3.892 -2353.24
2287 -2.06025 -3.89508 -2374.87
2288 -2.06154 -3.89816 -2396.51
2289 -2.06283 -3.90125 -2418.16
2290 -2.06412 -3.90433 -2439.82
2291 -2.06541 -3.90741 -2461.49
2292 -2.0667 -3.91049 -2483.17
2293 -2.06799 -3.91358 -2504.86
2294 -2.06928 -3.91666 -2526.57
2295 -2.07057 -3.91974 -2548.28
2296 -2.07186 -3.92283 -2570.01
2297 -2.07315 -3.92591 -2591.74
2298 -2.07444 -3.92899 -2613.49
2299 -2.07573 -3.93208 -2635.25
2300 -2.07702 -3.93516 -2657.02
2301 -2.07831 -3.93824 -2678.8
2302 -2.0796 -3.94132 -2700.59
2303 -2.08089 -3.94441 -2722.39
2304 -2.08218 -3.94749 -2744.2
2305 -2.08347 -3.95057 -2766.02
2306 -2.08476 -3.95366 -2787.86
2307 -2.08605 -3.95674 -2809.7
2308 -2.08734 -3.95982 -2831.56
2309 -2.08863 -3.96291 -2853.42
2310 -2.08992 -3.96599 -2875.3
2311 -2.09121 -3.96907 -2897.19
2312 -2.0925 -3.97215 -2919.09
2313 -2.09379 -3.97524 -2941
2314 -2.09508 -3.97832 -2962.92
2315 -2.09637 -3.9814 -2984.85
2316 -2.09766 -3.98449 -3006.79
2317 -2.09895 -3.98757 -3028.75
2318 -2.10024 -3.99065 -3050.71
2319 -2.10153 -3.99374 -3072.68
2320 -2.10282 -3.99682 -3094.67
2321 -2.10411 -3.9999 -3116.67
2322 -2.1054 -4.00298 -3138.67
2323 -2.10669 -4.00607 -3160.69
2324 -2.10798 -4.00915 -3182.72
2325 -2.10927 -4.01223 -3204.76
2326 -2.11056 -4.01532 -3226.81
2327 -2.11185 -4.0184 -3248.88
2328 -2.11314 -4.02148 -3270.95
2329 -2.11443 -4.02457 -3293.03
2330 -2.11572 -4.02765 -3315.13
2331 -2.11701 -4.03073 -3337.23
2332 -2.1183 -4.03381 -3359.35
2333 -2.11959 -4.0369 -3381.48
2334 -2.12088 -4.03998 -3403.61
2335 -2.12217 -4.04306 -3425.76
2336 -2.12346 -4.04615 -3447.92
2337 -2.12475 -4.04923 -3470.09
2338 -2.12604 -4.05231 -3492.28
2339 -2.12733 -4.0554 -3514.47
2340 -2.12862 -4.05848 -3536.67
2341 -2.12991 -4.06156 -3558.89
2342 -2.1312 -4.06464 -3581.11
2343 -2.13249 -4.06773 -3603.35
2344 -2.13378 -4.07081 -3625.59
2345 -2.13507 -4.07389 -3647.85
2346 -2.13636 -4.07698 -3670.12
2347 -2.13765 -4.08006 -3692.4
2348 -2.13894 -4.08314 -3714.69
2349 -2.14023 -4.08623 -3736.99
2350 -2.14152 -4.08931 -3759.3
2351 -2.14281 -4.09239 -3781.63
2352 -2.1441 -4.09547 -3803.96
2353 -2.14539 -4.09856 -3826.3
2354 -2.14668 -4.10164 -3848.66
2355 -2.14797 -4.10472 -3871.03
2356 1.05463 2.39144 0.224617
2357 1.05988 2.45879 0.145528
2358 1.11368 2.51086 0.207277
2359 1.11239 2.50778 -22.2025
2360 1.1111 2.50469 -44.6231
2361 1.10981 2.50161 -67.0546
2362 1.10852 2.49853 -89.497
2363 1.10723 2.49544 -111.95
2364 1.10594 2.49236 -134.414
2365 1.10465 2.48928 -156.889
2366 1.10336 2.4862 -179.375
2367 1.10207 2.48311 -201.872
2368 1.10078 2.48003 -224.379
2369 1.09949 2.47695 -246.898
2370 1.0982 2.47386 -269.427
2371 1.09691 2.47078 -291.967
2372 1.09562 2.4677 -314.518
2373 1.09433 2.46461 -337.08
2374 1.09304 2.46153 -359.653
2375 1.09175 2.45845 -382.237
2376 1.09046 2.45537 -404.831
2377 1.08917 2.45228 -427.437
2378 1.08788 2.4492 -450.053
2379 1.08659 2.44612 -472.68
2380 1.0853 2.44303 -495.318
2381 1.08401 2.43995 -517.967
2382 1.08272 2.43687 -540.627
2383 1.08143 2.43378 -563.297
2384 1.08014 2.4307 -585.979
2385 1.07885 2.42762 -608.671
2386 1.07756 2.42454 -631.374
2387 1.07627 2.42145 -654.088
2388 1.07498 2.41837 -676.813
2389 1.07369 2.41529 -699.549
2390 1.0724 2.4122 -722.296
2391 1.07111 2.40912 -745.053
2392 1.06982 2.40604 -767.821
2393 1.06853 2.40295 -790.601
2394 1.06724 2.39987 -813.391
2395 1.06595 2.39679 -836.192
2396 1.06466 2.39371 -859.004
2397 1.06337 2.39062 -881.826
2398 1.06208 2.38754 -904.66
2399 1.06079 2.38446 -927.504
2400 1.0595 2.38137 -950.36
2401 1.05821 2.37829 -973.226
2402 1.05692 2.37521 -996.103
2403 1.05563 2.37212 -1018.99
2404 1.05434 2.36904 -1041.89
2405 1.05305 2.36596 -1064.8
2406 1.05176 2.36288 -1087.72
2407 1.05047 2.35979 -1110.65
2408 1.04918 2.35671 -1133.59
2409 1.04789 2.35363 -1156.55
2410 1.0466 2.35054 -1179.51
2411 1.04531 2.34746 -1202.49
2412 1.04402 2.34438 -1225.47
2413 1.04273 2.34129 -1248.47
2414 1.04144 2.33821 -1271.48
2415 1.04015 2.33513 -1294.49
2416 1.03886 2.33205 -1317.52
2417 1.03757 2.32896 -1340.56
2418 1.03628 2.32588 -1363.61
2419 1.03499 2.3228 -1386.68
2420 1.0337 2.31971 -1409.75
2421 1.03241 2.31663 -1432.83
2422 1.03112 2.31355 -1455.93
2423 1.02983 2.31046 -1479.03
2424 1.02854 2.30738 -1502.15
2425 1.02725 2.3043 -1525.27
2426 1.02596 2.30122 -1548.41
2427 1.02467 2.29813 -1571.56
2428 1.02338 2.29505 -1594.72
2429 1.02209 2.29197 -1617.89
2430 1.0208 2.28888 -1641.07
2431 1.01951 2.2858 -1664.26
2432 1.01822 2.28272 -1687.47
2433 1.01693 2.27963 -1710.68
2434 1.01564 2.27655 -1733.91
2435 1.01435 2.27347 -1757.14
2436 1.01306 2.27039 -1780.39
2437 1.01177 2.2673 -1803.65
2438 1.01048 2.26422 -1826.91
2439 1.00919 2.26114 -1850.19
2440 1.0079 2.25805 -1873.48
2441 1.00661 2.25497 -1896.78
2442 1.00532 2.25189 -1920.1
2443 1.00403 2.2488 -1943.42
2444 1.00274 2.24572 -1966.75
2445 1.00145 2.24264 -1990.1
2446 1.00016 2.23956 -2013.45
2447 0.99887 2.23647 -2036.82
2448 0.99758 2.23339 -2060.19
2449 0.99629 2.23031 -2083.58
2450 0.995 2.22722 -2106.98
2451 0.99371 2.22414 -2130.39
2452 0.99242 2.22106 -2153.81
2453 0.99113 2.21797 -2177.24
2454 0.98984 2.21489 -2200.68
2455 0.98855 2.21181 -2224.14
2456 0.98726 2.20873 -2247.6
2457 0.98597 2.20564 -2271.08
2458 0.98468 2.20256 -2294.56
2459 0.98339 2.19948 -2318.06
2460 0.9821 2.19639 -2341.57
2461 0.98081 2.19331 -2365.08
2462 0.97952 2.19023 -2388.61
2463 0.97823 2.18714 -2412.15
2464 0.97694 2.18406 -2435.7
2465 0.97565 2.18098 -2459.27
2466 0.97436 2.1779 -2482.84
2467 0.97307 2.17481 -2506.42
2468 0.97178 2.17173 -2530.02
2469 5.1317 5.19651 0.105841
2470 5.13041 5.19343 -23.5102
2471 5.12912 5.19034 -47.1371
2472 5.12783 5.18726 -70.7748
2473 5.12654 5.18418 -94.4234
2474 5.87761 4.02877 2.38691
2475 5.99472 3.87079 2.55082
2476 6.14853 3.70594 2.69089
2477 6.28958 3.54379 2.81945
2478 6.42497 3.37094 2.96985
2479 6.55685 3.20729 3.08681
2480 6.70712 3.05185 3.18381
2481 6.83348 2.89409 3.28282
2482 6.96132 2.73536 3.38393
2483 7.11384 2.55369 3.45382
2484 7.23453 2.40193 3.51453
2485 7.37354 2.24473 3.56712
2486 7.50249 2.08833 3.60744
2487 7.63899 1.92732 3.63954
2488 7.77069 1.77195 3.65896
2489 7.90278 1.61354 3.6705
2490 8.03862 1.42883 3.66911
2491 8.18434 1.26736 3.65741
2492 8.30358 1.11892 3.63228
2493 8.42956 0.966514 3.59807
2494 8.42827 0.963431 -20.2788
2495 8.73408 0.666146 3.47935
2496 8.85922 0.508642 3.42587
2497 8.98261 0.352172 3.34855
2498 9.09012 0.196746 3.2723
2499 9.19897 0.0435916 3.18419
2500 9.19768 0.0405086 -20.7578
2501 9.42072 -0.210449 3.0033
2502 9.55074 -0.361939 2.87583
2503 9.54945 -0.365022 -21.0988
2504 9.54816 -0.368105 -45.0843
2505 9.90992 -0.811738 2.43137
2506 10.0122 -0.952532 2.28157
2507 10.1633 -1.11921 2.10209
2508 10.2732 -1.25965 1.93462
2509 10.3804 -1.39483 1.73533
2510 10.5008 -1.5381 1.51537
2511 10.6341 -1.68687 1.30097
2512 10.741 -1.83548 1.08282
2513 10.8581 -1.97588 0.844012
2514 10.9806 -2.12364 0.589719
2515 10.9793 -2.12672 -23.5153
2516 10.978 -2.12981 -47.6312
2517 10.9767 -2.13289 -71.758
2518 10.9754 -2.13597 -95.8956
2519 10.9741 -2.13906 -120.044
2520 10.9729 -2.14214 -144.203
2521 10.9716 -2.14522 -168.374
2522 10.9703 -2.1483 -192.555
2523 10.969 -2.15139 -216.747
2524 10.9677 -2.15447 -240.95
2525 10.9664 -2.15755 -265.163
2526 10.9651 -2.16064 -289.388
2527 10.9638 -2.16372 -313.623
2528 10.9625 -2.1668 -337.87
2529 10.9612 -2.16989 -362.127
2530 10.96 -2.17297 -386.395
2531 10.9587 -2.17605 -410.674
2532 10.9574 -2.17913 -434.963
2533 10.9561 -2.18222 -459.264
2534 10.9548 -2.1853 -483.576
2535 10.9535 -2.18838 -507.898
2536 10.9522 -2.19147 -532.231
2537 10.9509 -2.19455 -556.575
2538 10.9496 -2.19763 -580.93
2539 10.9483 -2.20072 -605.296
2540 10.9471 -2.2038 -629.673
2541 10.9458 -2.20688 -654.06
2542 10.9445 -2.20996 -678.459
2543 10.9432 -2.21305 -702.868
2544 10.9419 -2.21613 -727.288
2545 10.9406 -2.21921 -751.719
2546 10.9393 -2.2223 -776.161
2547 10.938 -2.22538 -800.614
2548 10.9367 -2.22846 -825.078
2549 10.9354 -2.23155 -849.552
2550 10.9342 -2.23463 -874.038
2551 10.9329 -2.23771 -898.534
2552 10.9316 -2.24079 -923.041
2553 10.9303 -2.24388 -947.559
2554 10.929 -2.24696 -972.088
2555 10.9277 -2.25004 -996.628
2556 10.9264 -2.25313 -1021.18
2557 10.9251 -2.25621 -1045.74
2558 10.9238 -2.25929 -1070.31
2559 10.9225 -2.26238 -1094.9
2560 10.9213 -2.26546 -1119.49
2561 10.92 -2.26854 -1144.09
2562 10.9187 -2.27162 -1168.71
2563 10.9174 -2.27471 -1193.34
2564 10.9161 -2.27779 -1217.97
2565 10.9148 -2.28087 -1242.62
2566 10.9135 -2.28396 -1267.28
2567 10.9122 -2.28704 -1291.95
2568 10.9109 -2.29012 -1316.63
2569 10.9096 -2.29321 -1341.32
2570 10.9084 -2.29629 -1366.03
2571 10.9071 -2.29937 -1390.74
2572 10.9058 -2.30245 -1415.47
2573 10.9045 -2.30554 -1440.2
2574 10.9032 -2.30862 -1464.95
2575 10.9019 -2.3117 -1489.7
2576 10.9006 -2.31479 -1514.47
2577 10.8993 -2.31787 -1539.25
2578 10.898 -2.32095 -1564.04
2579 10.8967 -2.32404 -1588.84
2580 10.8955 -2.32712 -1613.65
2581 10.8942 -2.3302 -1638.47
2582 10.8929 -2.33328 -1663.31
2583 10.8916 -2.33637 -1688.15
2584 10.8903 -2.33945 -1713.01
2585 10.889 -2.34253 -1737.87
2586 10.8877 -2.34562 -1762.75
2587 10.8864 -2.3487 -1787.64
2588 10.8851 -2.35178 -1812.53
2589 10.8838 -2.35487 -1837.44
2590 10.8826 -2.35795 -1862.36
2591 10.8813 -2.36103 -1887.29
2592 10.88 -2.36411 -1912.24
2593 10.8787 -2.3672 -1937.19
2594 10.8774 -2.37028 -1962.15
2595 10.8761 -2.37336 -1987.13
2596 10.8748 -2.37645 -2012.11
2597 10.8735 -2.37953 -2037.11
2598 10.8722 -2.38261 -2062.12
2599 10.8709 -2.3857 -2087.13
2600 10.8697 -2.38878 -2112.16
2601 10.8684 -2.39186 -2137.2
2602 10.8671 -2.39494 -2162.25
2603 10.8658 -2.39803 -2187.31
2604 10.8645 -2.40111 -2212.39
2605 10.8632 -2.40419 -2237.47
2606 10.8619 -2.40728 -2262.56
2607 10.8606 -2.41036 -2287.67
2608 10.8593 -2.41344 -2312.78
2609 10.858 -2.41653 -2337.91
2610 10.8568 -2.41961 -2363.05
2611 10.8555 -2.42269 -2388.2
2612 10.8542 -2.42577 -2413.35
2613 10.8529 -2.42886 -2438.52
2614 10.8516 -2.43194 -2463.71
2615 10.8503 -2.43502 -2488.9
2616 10.849 -2.43811 -2514.1
2617 10.8477 -2.44119 -2539.31
2618 10.8464 -2.44427 -2564.54
2619 10.8451 -2.44736 -2589.77
2620 10.8439 -2.45044 -2615.02
2621 10.8426 -2.45352 -2640.28
2622 10.8413 -2.4566 -2665.54
2623 10.84 -2.45969 -2690.82
2624 10.8387 -2.46277 -2716.11
2625 10.8374 -2.46585 -2741.41
2626 10.8361 -2.46894 -2766.72
2627 10.8348 -2.47202 -2792.05
2628 10.8335 -2.4751 -2817.38
2629 10.8322 -2.47819 -2842.72
2630 10.831 -2.48127 -2868.08
2631 10.8297 -2.48435 -2893.44
2632 10.8284 -2.48743 -2918.82
2633 10.8271 -2.49052 -2944.21
2634 10.8258 -2.4936 -2969.6
2635 10.8245 -2.49668 -2995.01
2636 10.8232 -2.49977 -3020.43
2637 10.8219 -2.50285 -3045.86
2638 10.8206 -2.50593 -3071.31
2639 10.8193 -2.50902 -3096.76
2640 10.8181 -2.5121 -3122.22
2641 10.8168 -2.51518 -3147.7
2642 10.8155 -2.51826 -3173.18
2643 10.8142 -2.52135 -3198.68
2644 10.8129 -2.52443 -3224.18
2645 10.8116 -2.52751 -3249.7
2646 10.8103 -2.5306 -3275.23
2647 10.809 -2.53368 -3300.77
2648 10.8077 -2.53676 -3326.32
2649 10.8064 -2.53985 -3351.88
2650 10.8052 -2.54293 -3377.45
2651 10.8039 -2.54601 -3403.04
2652 10.8026 -2.54909 -3428.63
2653 10.8013 -2.55218 -3454.24
2654 10.8 -2.55526 -3479.85
2655 10.7987 -2.55834 -3505.48
2656 10.7974 -2.56143 -3531.11
2657 10.7961 -2.56451 -3556.76
2658 10.7948 -2.56759 -3582.42
2659 10.7935 -2.57068 -3608.09
2660 10.7923 -2.57376 -3633.77
2661 10.791 -2.57684 -3659.46
2662 10.7897 -2.57992 -3685.17
2663 10.7884 -2.58301 -3710.88
2664 10.7871 -2.58609 -3736.6
2665 10.7858 -2.58917 -3762.34
2666 10.7845 -2.59226 -3788.09
2667 10.7832 -2.59534 -3813.84
2668 10.7819 -2.59842 -3839.61
2669 10.7806 -2.60151 -3865.39
2670 10.7794 -2.60459 -3891.18
2671 10.7781 -2.60767 -3916.98
2672 10.7768 -2.61075 -3942.79
2673 10.7755 -2.61384 -3968.61
2674 10.7742 -2.61692 -3994.44
2675 10.7729 -2.62 -4020.29
2676 10.7716 -2.62309 -4046.14
2677 10.7703 -2.62617 -4072.01
2678 10.769 -2.62925 -4097.88
2679 10.7677 -2.63234 -4123.77
2680 10.7665 -2.63542 -4149.67
2681 10.7652 -2.6385 -4175.58
2682 10.7639 -2.64158 -4201.5
2683 10.7626 -2.64467 -4227.43
2684 10.7613 -2.64775 -4253.37
2685 10.76 -2.65083 -4279.32
2686 10.7587 -2.65392 -4305.29
2687 10.7574 -2.657 -4331.26
2688 10.7561 -2.66008 -4357.25
2689 10.7548 -2.66317 -4383.24
2690 10.7536 -2.66625 -4409.25
2691 10.7523 -2.66933 -4435.27
2692 10.751 -2.67241 -4461.29
2693 10.7497 -2.6755 -4487.33
2694 10.7484 -2.67858 -4513.38
2695 10.7471 -2.68166 -4539.44
2696 10.7458 -2.68475 -4565.52
2697 10.7445 -2.68783 -4591.6
2698 10.7432 -2.69091 -4617.69
2699 10.7419 -2.694 -4643.8
2700 10.7407 -2.69708 -4669.91
2701 10.7394 -2.70016 -4696.04
2702 10.7381 -2.70324 -4722.18
2703 10.7368 -2.70633 -4748.32
2704 10.7355 -2.70941 -4774.48
2705 10.7342 -2.71249 -4800.65
2706 10.7329 -2.71558 -4826.83
2707 10.7316 -2.71866 -4853.03
2708 10.7303 -2.72174 -4879.23
2709 10.729 -2.72483 -4905.44
2710 10.7278 -2.72791 -4931.67
2711 10.7265 -2.73099 -4957.9
2712 10.7252 -2.73407 -4984.15
2713 10.7239 -2.73716 -5010.4
2714 10.7226 -2.74024 -5036.67
2715 10.7213 -2.74332 -5062.95
2716 10.72 -2.74641 -5089.24
2717 10.7187 -2.74949 -5115.54
2718 10.7174 -2.75257 -5141.85
2719 10.7161 -2.75566 -5168.17
2720 10.7149 -2.75874 -5194.5
2721 10.7136 -2.76182 -5220.85
2722 10.7123 -2.7649 -5247.2
2723 10.711 -2.76799 -5273.57
2724 10.7097 -2.77107 -5299.94
2725 10.7084 -2.77415 -5326.33
2726 10.7071 -2.77724 -5352.73
2727 10.7058 -2.78032 -5379.14
2728 10.7045 -2.7834 -5405.56
2729 10.7032 -2.78649 -5431.99
2730 10.702 -2.78957 -5458.43
2731 10.7007 -2.79265 -5484.88
2732 10.6994 -2.79573 -5511.34
2733 10.6981 -2.79882 -5537.82
2734 10.6968 -2.8019 -5564.3
2735 10.6955 -2.80498 -5590.8
2736 10.6942 -2.80807 -5617.31
2737 10.6929 -2.81115 -5643.82
2738 10.6916 -2.81423 -5670.35
2739 10.6903 -2.81732 -5696.89
2740 10.6891 -2.8204 -5723.44
2741 10.6878 -2.82348 -5750
2742 10.6865 -2.82656 -5776.57
2743 10.6852 -2.82965 -5803.16
2744 10.6839 -2.83273 -5829.75
2745 10.6826 -2.83581 -5856.36
2746 10.6813 -2.8389 -5882.97
2747 10.68 -2.84198 -5909.6
2748 10.6787 -2.84506 -5936.23
2749 10.6774 -2.84815 -5962.88
2750 10.6762 -2.85123 -5989.54
2751 10.6749 -2.85431 -6016.21
2752 10.6736 -2.85739 -6042.89
2753 10.6723 -2.86048 -6069.58
2754 10.671 -2.86356 -6096.28
2755 10.6697 -2.86664 -6123
2756 10.6684 -2.86973 -6149.72
2757 10.6671 -2.87281 -6176.46
2758 10.6658 -2.87589 -6203.2
2759 10.6645 -2.87898 -6229.96
2760 10.6633 -2.88206 -6256.73
2761 10.662 -2.88514 -6283.5
2762 10.6607 -2.88822 -6310.29
2763 10.6594 -2.89131 -6337.09
2764 10.6581 -2.89439 -6363.9
2765 10.6568 -2.89747 -6390.73
2766 10.6555 -2.90056 -6417.56
2767 10.6542 -2.90364 -6444.4
2768 10.6529 -2.90672 -6471.26
2769 10.6516 -2.90981 -6498.12
2770 10.6504 -2.91289 -6525
2771 10.6491 -2.91597 -6551.89
2772 10.6478 -2.91905 -6578.78
2773 10.6465 -2.92214 -6605.69
2774 10.6452 -2.92522 -6632.61
2775 10.6439 -2.9283 -6659.54
2776 10.6426 -2.93139 -6686.48
2777 10.6413 -2.93447 -6713.44
2778 10.64 -2.93755 -6740.4
2779 10.6387 -2.94064 -6767.37
2780 10.6375 -2.94372 -6794.36
2781 10.6362 -2.9468 -6821.35
2782 10.6349 -2.94988 -6848.36
2783 10.6336 -2.95297 -6875.38
2784 10.6323 -2.95605 -6902.4
2785 10.631 -2.95913 -6929.44
2786 10.6297 -2.96222 -6956.49
2787 10.6284 -2.9653 -6983.55
2788 10.6271 -2.96838 -7010.63
2789 10.6258 -2.97147 -7037.71
2790 10.6246 -2.97455 -7064.8
2791 10.6233 -2.97763 -7091.91
2792 10.622 -2.98071 -7119.02
2793 10.6207 -2.9838 -7146.15
2794 10.6194 -2.98688 -7173.29
2795 10.6181 -2.98996 -7200.43
2796 10.6168 -2.99305 -7227.59
2797 10.6155 -2.99613 -7254.76
2798 10.6142 -2.99921 -7281.94
2799 10.6129 -3.0023 -7309.13
2800 10.6117 -3.00538 -7336.34
2801 10.6104 -3.00846 -7363.55
2802 10.6091 -3.01154 -7390.77
2803 10.6078 -3.01463 -7418.01
2804 10.6065 -3.01771 -7445.25
2805 10.6052 -3.02079 -7472.51
2806 10.6039 -3.02388 -7499.78
2807 10.6026 -3.02696 -7527.05
2808 10.6013 -3.03004 -7554.34
2809 10.6 -3.03313 -7581.64
2810 10.5988 -3.03621 -7608.95
2811 10.5975 -3.03929 -7636.28
2812 10.5962 -3.04237 -7663.61
2813 10.5949 -3.04546 -7690.95
2814 10.5936 -3.04854 -7718.31
2815 10.5923 -3.05162 -7745.67
2816 10.591 -3.05471 -7773.05
2817 10.5897 -3.05779 -7800.43
2818 10.5884 -3.06087 -7827.83
2819 10.5871 -3.06396 -7855.24
2820 10.5859 -3.06704 -7882.66
2821 10.5846 -3.07012 -7910.09
2822 10.5833 -3.0732 -7937.53
2823 10.582 -3.07629 -7964.98
2824 10.5807 -3.07937 -7992.45
2825 10.5794 -3.08245 -8019.92
2826 10.5781 -3.08554 -8047.4
2827 10.5768 -3.08862 -8074.9
2828 10.5755 -3.0917 -8102.41
2829 10.5742 -3.09479 -8129.92
2830 10.573 -3.09787 -8157.45
2831 10.5717 -3.10095 -8184.99
2832 10.5704 -3.10403 -8212.54
2833 10.5691 -3.10712 -8240.1
2834 10.5678 -3.1102 -8267.67
2835 10.5665 -3.11328 -8295.26
2836 10.5652 -3.11637 -8322.85
2837 10.5639 -3.11945 -8350.45
2838 10.5626 -3.12253 -8378.07
2839 10.5613 -3.12562 -8405.69
2840 10.5601 -3.1287 -8433.33
2841 10.5588 -3.13178 -8460.98
2842 10.5575 -3.13486 -8488.64
2843 10.5562 -3.13795 -8516.31
2844 10.5549 -3.14103 -8543.99
2845 10.5536 -3.14411 -8571.68
2846 10.5523 -3.1472 -8599.38
2847 10.551 -3.15028 -8627.09
2848 10.5497 -3.15336 -8654.82
2849 10.5484 -3.15645 -8682.55
2850 10.5472 -3.15953 -8710.3
2851 10.5459 -3.16261 -8738.05
2852 10.5446 -3.16569 -8765.82
2853 10.5433 -3.16878 -8793.6
2854 10.542 -3.17186 -8821.39
2855 10.5407 -3.17494 -8849.19
2856 10.5394 -3.17803 -8877
2857 10.5381 -3.18111 -8904.82
2858 10.5368 -3.18419 -8932.65
2859 10.5355 -3.18728 -8960.5
2860 10.5343 -3.19036 -8988.35
2861 10.533 -3.19344 -9016.21
2862 10.5317 -3.19652 -9044.09
2863 10.5304 -3.19961 -9071.98
2864 10.5291 -3.20269 -9099.88
2865 4.38472 0.651703 2.30775
2866 4.42082 0.809124 2.44506
2867 4.44496 1.0988 2.62841
2868 4.49564 1.41988 2.81885
2869 4.42508 1.74093 3.01876
2870 4.42379 1.73785 -24.9441
2871 4.52833 2.39174 3.34732
2872 4.52704 2.38866 -24.6372
2873 4.52575 2.38557 -52.6327
2874 4.52446 2.38249 -80.639
2875 4.52317 2.37941 -108.656
2876 4.51654 3.96524 4.02608
2877 4.51525 3.96216 -24.0128
2878 4.46777 4.62008 4.17433
2879 4.51142 5.01705 4.27703
2880 4.51948 5.2685 4.32459
2881 4.52172 5.58615 4.37394
2882 4.52331 5.90158 4.41266
2883 4.52572 6.20978 4.44113
2884 4.52443 6.2067 -23.6738
2885 4.54901 6.88046 4.4602
2886 4.50673 7.11025 4.45335
2887 4.51631 7.41005 4.44547
2888 4.52049 7.71694 4.41237
2889 4.53538 8.02128 4.36776
2890 4.54788 8.3241 4.33076
2891 4.5566 8.62672 4.27708
2892 4.60195 8.98283 4.20572
2893 4.62863 9.29492 4.11002
2894 4.62734 9.29184 -24.1136
2895 4.62605 9.28875 -52.3481
2896 4.5621 10.0817 3.8485
2897 4.63042 10.4737 3.71967
2898 4.63113 10.7775 3.57715
2899 4.64633 11.0663 3.44698
2900 4.64614 11.3539 3.30353
2901 4.65556 11.6294 3.15434
2902 4.66747 11.9375 2.96042
2903 4.67451 12.2114 2.80653
2904 4.68701 12.496 2.61923
2905 4.6913 12.7758 2.42894
2906 4.69459 13.0634 2.22444
2907 4.70049 13.3424 2.01609
2908 4.6992 13.3393 -26.3597
2909 4.73003 13.9087 1.56761
2910 4.72641 14.1752 1.30709
2911 4.72777 14.4465 1.06119
2912 4.73392 14.7167 0.799814
2913 4.6805 14.8219 0.593768
2914 4.73844 15.2806 0.165804
2915 4.73084 15.4157 0.138617
2916 4.72955 15.4126 -28.3241
2917 4.76404 15.6561 0.540939
2918 4.77166 15.7692 0.737924
2919 4.77879 15.9032 0.908843
2920 4.74827 16.1059 1.07049
2921 4.75441 16.2698 1.24403
2922 4.82084 16.2748 1.38861
2923 4.83317 16.425 1.52429
2924 4.84433 16.5525 1.63495
2925 4.84699 16.6821 1.75895
2926 4.85886 16.8165 1.86203
2927 4.8745 16.9287 1.94601
2928 4.89388 17.0625 2.02625
2929 4.8836 17.2451 2.16291
2930 4.90585 17.3153 2.187
2931 4.94006 17.4541 2.25146
2932 4.94276 17.6298 2.27157
2933 4.93715 17.7422 2.26737
2934 4.94723 17.8569 2.26594
2935 4.98073 17.9793 2.27681
2936 4.9836 18.1211 2.29527
2937 4.98758 18.2438 2.2798
2938 4.99288 18.3896 2.23909
2939 5.00166 18.5095 2.18021
2940 5.03146 18.6404 2.1315
2941 5.03441 18.7539 2.06988
2942 5.05461 18.8761 1.97329
2943 5.05332 18.873 -26.7828
2944 5.08585 19.1085 1.81049
2945 5.09149 19.2045 1.71831
2946 5.0814 19.3787 1.57692
2947 5.10186 19.4696 1.45726
2948 5.1158 19.6007 1.3141
2949 5.13579 19.7156 1.15361
2950 5.14534 19.7947 0.998269
2951 5.13938 19.8917 0.852102
2952 5.15756 20.0091 0.665396
2953 5.17855 20.0618 0.488566
2954 5.19411 20.3727 0.203566
2955 5.20548 20.3803 0.179488
2956 5.22493 20.5331 0.17476
2957 5.22364 20.53 -28.7335
2958 5.26365 20.6782 0.588261
2959 5.26236 20.6751 -28.3417
2960 5.26107 20.672 -57.2826
2961 5.25978 20.669 -86.2343
2962 5.25849 20.6659 -115.197
2963 5.2572 20.6628 -144.17
2964 5.25591 20.6597 -173.155
2965 5.30729 21.4894 1.27006
2966 5.306 21.4863 -27.736
2967 5.33151 21.8314 1.31898
2968 5.33786 21.9469 1.33426
2969 5.33657 21.9438 -27.7044
2970 5.33528 21.9407 -56.7539
2971 5.33399 21.9377 -85.8143
2972 5.3327 21.9346 -114.886
2973 5.33141 21.9315 -143.968
2974 5.33012 21.9284 -173.061
2975 5.32883 21.9253 -202.165
2976 5.32754 21.9222 -231.279
2977 5.32625 21.9192 -260.405
2978 5.42048 21.9377 1.16812
2979 5.4219 21.841 1.11067
2980 5.42061 21.8379 -28.0475
2981 5.4469 21.5196 0.989483
2982 5.46255 21.4458 0.86606
2983 5.44353 21.3682 0.759463
2984 5.43981 21.278 0.672011
2985 5.43817 21.1124 0.55236
2986 5.45491 20.9218 0.459162
2987 5.45362 20.9187 -28.7751
2988 5.4884 20.9961 0.133488
2989 5.49035 20.9493 0.189786
2990 5.51561 20.9602 0.303387
2991 5.49047 20.7055 0.463498
2992 5.49513 20.6686 0.537458
2993 5.49572 20.6599 0.573421
2994 5.52544 20.6087 0.660177
2995 5.52415 20.6056 -28.661
2996 5.52286 20.6025 -57.9931
2997 5.52157 20.5995 -87.336
2998 5.52028 20.5964 -116.69
2999 5.54318 20.4089 0.863162
3000 5.54189 20.4058 -28.5124
3001 5.59023 20.3173 0.837
3002 5.57713 20.2839 0.815394
3003 5.56652 20.2288 0.775667
3004 5.58033 20.219 0.748131
3005 5.58073 20.1832 0.693328
3006 5.58651 20.1433 0.639993
3007 5.595 20.1144 0.579492
3008 5.606 20.0714 0.489031
3009 5.60219 20.0144 0.396867
3010 5.631 20.127 0.200073
3011 5.63769 20.009 0.153752
3012 5.64357 19.9804 0.161472
3013 5.66016 19.9646 0.242666
3014 5.74526 19.9599 0.294894
3015 5.70895 19.9741 0.357913
3016 5.72585 19.9411 0.402632
3017 5.70564 19.729 0.493418
3018 5.70435 19.7259 -29.0777
3019 5.70306 19.7228 -58.6597
3020 5.70177 19.7198 -88.2526
3021 5.6946 19.5239 0.561239
3022 5.71007 19.4992 0.554872
3023 5.71513 19.4546 0.530204
3024 5.72913 19.4221 0.510953
3025 5.73464 19.3768 0.45825
3026 5.78741 19.5074 0.347965
3027 5.75989 19.3777 0.317263
3028 5.76255 19.2858 0.200686
3029 5.76936 19.2326 0.145526
3030 5.77594 19.1937 0.151033
3031 5.78399 19.1648 0.19342
3032 5.81074 19.1296 0.237477
3033 5.81633 19.1113 0.336296
3034 5.81552 18.9938 0.354617
3035 5.85976 19.1123 0.336434
3036 5.85847 19.1092 -29.4303
3037 5.87796 19.0483 0.3529
3038 5.87069 18.9922 0.3638
3039 5.87407 18.9423 0.346114
3040 5.86121 18.8397 0.345768
3041 5.86481 18.8011 0.30667
3042 5.87263 18.7347 0.21955
3043 5.83316 18.7377 0.177604
3044 5.86367 18.6572 0.10375
3045 5.87608 18.5809 0.13522
3046 5.8886 18.5479 0.167772
3047 5.90496 18.5216 0.189566
3048 5.90997 18.4905 0.22415
3049 5.90303 18.4467 0.310722
3050 5.90587 18.4 0.319723
3051 5.91114 18.361 0.316217
3052 5.91606 18.3202 0.313031
3053 5.91476 18.2744 0.288288
3054 5.92958 18.2286 0.180893
3055 5.94134 18.1875 0.147958
3056 5.92528 18.1505 0.0846144
3057 5.92831 18.1254 0.096859
3058 5.92568 18.0805 0.0940232
3059 5.9579 18.0444 0.170595
3060 5.96868 18.0069 0.176185
3061 5.97671 17.9581 0.210723
3062 5.98141 17.9203 0.195268
3063 5.98117 17.8587 0.0980911
3064 5.99089 17.8256 0.131234
3065 5.9928 17.7911 0.0994901
3066 5.99151 17.788 -29.9933
3067 6.00015 17.7207 0.103803
3068 6.01435 17.6836 0.11683
3069 6.01908 17.6472 0.127972
3070 6.01259 17.6009 0.158151
3071 6.01897 17.5541 0.145803
3072 6.01895 17.5146 0.128789
3073 6.02659 17.4777 0.111727
3074 6.0253 17.4746 -30.068
3075 6.04866 17.4091 0.120539
3076 6.04323 17.3628 0.12643
3077 6.05216 17.3177 0.138447
3078 6.0615 17.2798 0.129277
3079 6.06508 17.2458 0.106409
3080 6.07277 17.1993 0.102406
3081 6.07002 17.1636 0.111796
3082 6.08415 17.131 0.122968
3083 6.09075 17.0964 0.117255
3084 6.09526 17.0501 0.108394
3085 6.10647 17.0124 0.0983893
3086 6.11335 16.9709 0.104351
3087 6.11513 16.9313 0.106463
3088 6.11823 16.8923 0.103415
3089 6.12811 16.853 0.104436
3090 6.13179 16.8174 0.113655
3091 6.13782 16.7739 0.110188
3092 6.14518 16.7345 0.105471
3093 6.15064 16.694 0.100265
3094 6.15646 16.6523 0.105368
3095 6.16148 16.6143 0.0998856
3096 6.17393 16.5728 0.0967434
3097 6.1758 16.538 0.0987019
3098 6.18054 16.4962 0.102869
3099 6.18821 16.4576 0.105673
3100 6.1941 16.4245 0.108127
3101 6.2013 16.3857 0.102996
3102 6.20667 16.3424 0.0961013
3103 6.21536 16.3029 0.0996274
3104 6.22277 16.2656 0.0991803
3105 6.22708 16.2273 0.099221
3106 6.23441 16.1917 0.0977973
3107 6.23933 16.1479 0.101056
3108 6.24489 16.113 0.101743
3109 6.24626 16.0794 0.108284
3110 6.25806 16.0423 0.0995098
3111 6.26357 16.0039 0.0954283
3112 6.26385 15.9623 0.100918
3113 6.26835 15.9291 0.103561
3114 6.27828 15.8901 0.101925
3115 6.27978 15.8563 0.104966
3116 6.28578 15.8147 0.099282
3117 6.29351 15.7782 0.0965759
3118 6.29975 15.7376 0.0958618
3119 6.30587 15.7057 0.101808
3120 6.31026 15.6666 0.100227
3121 6.31497 15.634 0.108931
3122 6.32139 15.5889 0.0976253
3123 6.32683 15.5579 0.104142
3124 6.33266 15.5215 0.0959263
3125 6.33648 15.4926 0.0943212
3126 6.34602 15.4543 0.0944643
3127 6.35223 15.4204 0.102021
3128 6.35204 15.3918 0.103254
3129 6.35296 15.3589 0.126855
3130 6.35737 15.3173 0.105242
3131 6.36213 15.2883 0.114413
