frame x y z 
734 4.27171 14.4559 0.172485
741 4.44057 15.8573 2.39199
747 4.47121 16.6422 3.19031
751 4.47873 17.3825 3.43564
755 4.44053 17.8477 3.52694
759 4.45681 18.6055 3.38232
763 4.47145 19.1737 3.14133
768 4.46597 19.2374 3.44496
779 4.41845 19.352 3.33257
784 4.46429 19.4897 3.00919
803 4.44273 19.3114 2.3335
811 4.35835 19.0859 1.18279
816 4.29265 18.9803 0.172955
824 4.18701 18.7352 1.10006
842 4.0279 18.2801 0.952747
895 4.25894 16.7653 2.13274
899 4.4612 17.9587 3.23587
904 4.54867 18.6989 3.50048
909 4.61729 19.3577 3.50664
917 4.67361 19.433 3.14119
921 4.5104 19.1514 3.15289
925 4.38421 18.8941 2.95318
-1 0 0 0
930 4.30705 15.5267 1.60561
934 4.06671 18.3068 1.96147
938 3.92441 18.0255 1.24761
943 3.79423 17.754 0.178282
947 3.68531 17.5048 0.761227
953 3.52115 17.1166 1.41498
982 3.359 16.4168 0.279599
988 3.42879 16.2389 1.6287
1006 3.28648 16.7601 0.703587
1011 3.8212 17.6026 3.14117
-1 0 0 0
1015 3.16551 16.2694 0.208023
1019 3.20589 16.3486 0.253494
-1 0 0 0
1023 4.17896 19.0084 3.48665
1027 4.28556 19.3706 3.23076
1032 4.56302 19.6236 3.21831
1036 4.76211 19.6849 3.23429
-1 0 0 0
1041 3.52019 16.6468 0.0654295
-1 0 0 0
1045 5.17935 19.4936 2.66116
1050 5.42068 19.4589 1.98982
1054 5.57823 19.3551 1.29217
1058 5.7312 19.3056 0.404298
1062 5.88808 19.213 0.538151
1066 6.03664 19.1935 1.09557
1072 6.27118 19.1909 1.64413
1083 6.62631 19.1349 1.61796
1087 6.78993 19.1189 1.20648
1091 6.93636 19.0977 0.696979
1095 7.10289 19.0826 0.162901
-1 0 0 0
1189 5.4083 15.555 0.164105
1247 4.27367 14.9131 0.169836
-1 0 0 0
1258 4.5284 16.9796 3.21458
1263 4.11606 15.4764 1.2591
-1 0 0 0
1270 4.57534 18.8565 3.57874
1274 4.58647 19.4191 3.33307
1284 4.74627 19.2981 3.25556
1289 4.82751 19.0324 3.00439
1294 4.87304 18.8203 2.65392
1298 4.94207 18.5274 1.93545
1302 5.0311 18.3361 1.1584
1306 5.09796 18.1574 0.202577
1312 5.19467 17.8389 1.00439
1322 5.0326 16.5592 1.55972
1329 4.49301 16.167 0.336843
1337 4.50431 16.0295 0.269632
1392 4.48634 16.9561 2.91103
1397 4.43362 17.6172 3.36761
1401 4.40748 18.2838 3.54405
1406 4.38702 18.9735 3.52726
-1 0 0 0
1410 4.31631 15.6598 0.385168
-1 0 0 0
1422 4.09355 19.1615 3.3153
1429 3.8945 18.8027 2.8708
1433 3.76503 18.6032 2.37089
1438 3.64178 18.3728 1.47821
1442 3.50272 18.1556 0.653926
1446 3.42758 17.9583 0.456658
1450 3.32642 17.7758 1.06368
1455 3.17852 17.4964 1.57171
1461 3.02172 17.1879 1.84546
1465 2.93105 17.012 1.78884
1469 2.8236 16.7829 1.57592
1473 2.83345 16.4618 1.31001
1492 3.4523 16.1296 1.45285
1509 3.39809 15.7863 0.0974039
1516 3.27821 15.8706 0.238501
-1 0 0 0
1523 3.97924 17.9811 3.4126
1528 4.07689 18.6166 3.60044
1532 4.18155 19.1342 3.58209
1537 4.27293 19.7095 3.322
1543 4.38579 19.229 3.2129
1549 4.50187 18.9052 3.09798
1553 4.61112 18.5752 2.73302
1557 4.72553 18.2698 2.21088
1561 4.78886 18.047 1.58034
1565 4.88531 17.7815 0.753717
1570 5.01697 17.4489 0.505614
1591 4.8125 16.1307 0.294557
1638 4.30854 15.6529 0.197936
1649 4.09547 16.2961 1.29942
1653 4.19214 16.3521 1.69224
-1 0 0 0
1658 4.445 18.8745 3.48352
1663 4.42937 19.3859 3.40634
1675 4.45404 19.3012 2.87306
1689 4.52257 19.7212 2.28026
1695 4.44127 19.8229 1.56588
1699 4.40551 19.9065 0.819175
1706 4.34382 20.0639 0.582549
1711 4.21248 20.1964 1.17679
1728 3.85111 20.5117 0.951426
1791 2.28213 19.6424 1.64075
-1 0 0 0
1896 4.21884 15.2031 0.283091
-1 0 0 0
1922 4.46395 16.6726 2.90221
1926 4.49905 17.4769 3.36549
1931 4.52576 18.2315 3.60778
1935 4.54217 18.8321 3.56077
1939 4.5649 19.4099 3.34947
1946 4.6088 19.3647 3.2932
-1 0 0 0
1950 4.36091 15.554 0.0862516
-1 0 0 0
1954 4.61994 18.6736 3.0821
1958 4.61757 18.3496 2.7152
1964 4.59082 17.8874 1.91276
1969 4.6572 17.5736 1.02391
1974 4.67088 17.1419 0.451562
1984 4.57681 16.1932 1.57921
2029 4.50773 16.9972 3.01658
2033 4.52334 17.5347 3.37943
-1 0 0 0
2038 4.32752 15.8334 0.408024
-1 0 0 0
2043 4.57694 18.9501 3.51234
-1 0 0 0
2048 4.53267 16.1555 1.247
-1 0 0 0
2054 4.61267 19.6402 3.36673
-1 0 0 0
2063 4.41676 15.8689 0.102068
-1 0 0 0
2068 4.75481 19.2117 3.1562
2074 5.03289 19.1965 2.86033
2078 5.19138 19.1422 2.44613
2082 5.29726 19.0852 1.87344
2087 5.45709 19.0465 0.930025
2100 5.87067 18.9721 1.32376
2113 6.30338 18.9698 1.59362
2138 6.09903 17.7986 0.107525
2166 5.13972 16.7204 0.311666
2216 4.19498 15.4 0.156789
2242 4.3896 16.5288 2.69087
2247 4.38456 17.3938 3.2171
2251 4.36907 18.0757 3.42918
2260 4.40756 19.3127 3.23636
2264 4.64312 19.3968 3.21092
2269 5.13833 19.1402 3.20356
2274 5.5542 18.9078 3.00401
2279 6.04155 18.6523 2.42128
2283 6.35088 18.4547 1.87726
2287 6.69873 18.2549 1.12148
2291 7.05098 18.0761 0.195885
2295 7.26167 17.9366 0.687843
2299 7.48811 17.8367 1.20068
2303 7.68931 17.7628 1.55788
2307 7.90143 17.6667 1.71918
2312 8.17045 17.5319 1.69084
2317 8.43898 17.4136 1.38458
2321 8.62266 17.3625 0.97604
2400 7.09 15.5389 0.115505
2474 4.41117 15.7337 0.126634
2483 4.28699 16.2038 1.46396
2488 4.58932 17.93 3.34496
2492 4.23259 16.3648 1.18618
-1 0 0 0
2499 4.4975 19.3879 3.32916
2504 4.4722 19.6553 3.1908
-1 0 0 0
2515 4.18056 16.3678 0.985754
-1 0 0 0
2521 4.45994 19.3796 2.56536
2527 4.46959 19.3705 1.94379
2531 4.56149 19.4275 1.19829
2535 4.5569 19.4147 0.442168
2540 4.60683 19.4873 0.631824
2544 4.60456 19.6132 1.00087
2550 4.73472 19.8166 1.47557
2565 4.90082 20.1694 0.68513
2601 5.41972 20.5405 0.339984
-1 0 0 0
2727 4.52256 16.8424 2.3363
2732 4.09092 16.0514 0.212511
2737 4.17623 16.137 0.311482
-1 0 0 0
2741 4.5922 18.6009 3.52161
2749 4.62443 19.4387 3.33956
2754 4.75445 19.6037 3.29384
2761 4.96767 19.4539 3.4021
2766 5.11193 19.3356 3.17289
2770 5.25624 19.2513 2.77056
2775 5.33025 19.1376 2.22033
-1 0 0 0
2779 4.52353 16.6162 0.0443956
2784 5.65453 18.9522 0.208712
2791 5.83374 18.7551 1.15825
2852 6.12502 16.6339 0.199819
2856 6.2163 16.6183 0.143998
2869 6.19126 16.4567 0.226321
2874 6.23562 16.3262 0.140619
-1 0 0 0
2878 5.52364 18.9462 3.5869
2882 5.27605 19.4125 3.59336
2889 4.99026 19.5624 3.30255
2895 4.74392 19.1429 2.5824
2900 4.57406 18.8307 1.78496
2912 4.24192 18.1459 0.861718
2917 4.15187 17.8965 1.40778
2925 4.02151 17.4592 1.80485
2983 2.62023 16.4651 0.476008
2987 3.42766 17.5727 2.94638
2992 3.67783 18.2724 3.44171
2996 3.8129 18.5873 3.59331
3002 4.08303 19.4204 3.53415
3006 4.2486 19.6925 3.25814
3011 4.37315 19.3409 3.21969
3017 4.51167 18.9032 3.18841
3022 4.62172 18.6397 2.91625
3026 4.74608 18.2762 2.35333
3033 4.88559 17.8377 1.17977
3039 5.0079 17.5059 0.21451
3043 5.12323 17.0726 0.965638
3047 5.18438 16.8117 1.41206
3052 5.30881 16.5113 1.67718
3076 4.41137 15.5069 0.163917
3114 4.48077 16.9879 2.60164
3119 4.46661 17.73 3.21642
3123 4.44514 18.31 3.45248
3127 4.4418 18.9948 3.59058
3131 4.44649 19.5731 3.47279
3135 4.45658 19.5173 3.27002
3142 4.61224 19.5043 3.15502
3152 4.74594 19.6868 3.14119
3160 4.92822 19.6262 2.8734
3166 5.02474 19.5813 2.17431
3170 5.10606 19.5359 1.51345
3178 5.23792 19.4345 0.296111
3182 5.3144 19.352 0.883133
3188 5.45174 19.2746 1.42465
3192 5.57325 19.238 1.58612
3197 5.65682 19.1316 1.54477
3257 5.12177 16.8908 0.1643
3278 4.74556 15.8328 0.140761
3348 4.38066 16.7095 2.93786
3353 4.45054 17.4468 3.37415
3357 4.53418 18.184 3.58102
3364 4.55854 19.1741 3.4112
-1 0 0 0
3369 4.49553 16.1081 1.1475
-1 0 0 0
3373 4.69926 19.4688 3.31416
3379 4.78698 19.1773 3.20414
3386 4.92988 18.7929 2.56759
3390 4.99517 18.6249 1.93974
3395 5.07198 18.345 0.987692
3399 5.13654 18.1783 0.179681
3403 5.17641 18.1032 0.794543
3411 5.27674 18.1279 1.58669
3421 5.17454 16.8461 1.00546
3425 5.33466 18.0083 1.344
3488 4.63035 16.9106 2.41336
3493 4.07055 15.9652 0.155685
-1 0 0 0
3498 4.60336 18.0356 3.47346
3504 4.57177 18.8871 3.62499
-1 0 0 0
3508 4.28742 16.026 0.543278
-1 0 0 0
3513 4.52471 19.4913 3.22434
-1 0 0 0
3520 4.56271 16.0621 1.59677
3530 4.41462 16.0437 0.0539989
-1 0 0 0
3536 4.50273 19.1634 1.84093
3540 4.48712 19.0632 1.24449
3545 4.53709 18.9425 0.181807
3550 4.55126 18.7649 0.827681
3559 4.35132 17.1789 0.211807
3572 4.59917 18.1821 0.821769
3580 4.60463 17.9718 0.441725
3611 4.47367 16.0771 0.0931963
3627 4.47378 16.1274 0.111197
3635 4.56456 17.2991 2.73328
3639 4.56861 17.6864 3.22582
3643 4.602 18.2735 3.53181
3647 4.59109 18.7076 3.66467
3652 4.62821 19.2374 3.57014
3656 4.63625 19.6743 3.27652
-1 0 0 0
3661 4.27078 16.3506 0.301249
-1 0 0 0
3665 4.56404 19.1068 3.23674
3669 4.52377 18.6887 3.09494
3675 4.46175 18.2811 2.61179
3679 4.38099 18.0008 1.91364
3686 4.4432 16.4869 0.210947
3698 4.28469 16.6796 0.0143766
3713 4.53819 16.7866 1.41874
3722 4.27687 16.3512 0.0937287
3729 4.45963 17.4629 2.55675
3733 4.43886 17.8765 3.13907
3737 4.44071 18.3813 3.51252
3741 4.41064 18.9242 3.71979
3746 4.43527 19.5433 3.68125
3751 4.42583 19.5343 3.48051
3755 4.4409 19.2938 3.14268
3763 4.51479 19.0208 3.34061
3768 4.53934 18.9921 3.12274
3772 4.59404 18.9087 2.72798
3778 4.67871 18.8233 1.8364
3782 4.6351 18.7267 1.15644
3793 4.77499 18.4334 1.09836
3797 4.64039 17.1818 1.34476
3816 4.69037 17.2718 1.48389
3824 4.86434 17.53 0.144426
3829 4.74052 17.0835 0.128108
3860 4.08638 16.379 0.408369
3864 3.95503 16.1382 0.091114
-1 0 0 0
3868 4.45739 18.2137 3.42968
3873 4.45194 18.7677 3.44343
3878 4.44419 19.2694 3.25282
3883 4.50491 19.5488 2.8023
3890 4.70611 19.4511 2.14707
3895 4.89589 19.3955 1.13071
3899 5.01815 19.3938 0.260248
3903 5.10949 19.1672 0.641446
3908 5.20501 18.927 1.25048
3913 5.32402 18.7043 1.56334
3918 5.35811 18.4582 1.62867
3938 5.0823 17.3765 0.0785216
3950 5.14745 16.7165 0.185907
-1 0 0 0
3987 -0.463981 21.9509 0.175786
-1 0 0 0
3992 4.90742 17.472 2.97878
3998 4.81385 18.294 3.51692
4003 4.7372 19.0456 3.67058
4010 4.67485 19.6999 3.49777
4014 4.62052 19.3803 3.12375
4019 4.39433 19.2592 3.21799
4025 4.05261 19.2132 3.043
4030 3.76375 19.1337 2.582
4034 3.54164 19.0854 2.03889
4043 3.11778 18.9653 0.144512
4050 2.81445 18.7928 1.07714
4054 2.58725 18.7153 1.47082
4059 2.35432 18.5889 1.68263
4064 2.13179 18.4699 1.61381
4080 1.89129 18.0568 1.44371
4114 3.36369 18.5394 2.8497
4118 3.70664 18.9178 3.17088
4123 4.12924 19.4938 3.38497
4130 4.49476 19.4663 3.29306
4138 4.33176 19.3886 3.18929
-1 0 0 0
4166 4.28399 17.7491 0.357842
4170 4.60943 17.3902 0.113524
4174 4.59842 17.5602 0.125049
4181 3.96787 19.4294 0.607268
4185 3.91 19.3722 1.12372
4190 3.78492 19.3805 1.52466
4227 3.85768 17.5811 0.108647
4256 4.34328 17.7287 2.72049
4261 4.42022 18.3246 3.31657
4266 4.46787 18.732 3.54375
4271 4.52296 19.2304 3.57066
4276 4.58704 19.7024 3.35292
4281 4.59878 19.4546 3.0308
4301 4.54878 19.5786 2.36193
4306 4.69492 19.7447 1.7483
4310 4.7957 19.8024 1.08796
4314 4.46503 17.2566 0.0822622
-1 0 0 0
4327 5.14676 20.1603 1.41025
4338 5.39311 20.3814 1.17961
-1 0 0 0
4419 4.59135 17.4244 0.172764
4457 4.50595 16.9759 1.47075
4476 4.4686 17.4409 2.94033
4480 4.48977 18.1906 3.30897
4485 4.46099 18.586 3.54617
4490 4.46721 19.3119 3.57978
4496 4.41059 19.6976 3.39438
4500 4.42199 19.3884 2.9609
4509 4.64548 19.4796 2.54418
4515 4.79548 19.6322 1.98396
4520 4.93768 19.6901 1.14257
4525 5.07005 19.8089 0.152844
4538 5.10304 20.143 1.45881
4572 5.3325 20.5491 1.43029
4594 5.65088 20.0684 0.0401493
-1 0 0 0
4733 4.36031 14.6192 0.0677396
-1 0 0 0
4744 4.53691 16.5663 2.97281
4750 4.55011 17.5466 3.50958
4754 4.59766 18.3158 3.69134
4758 4.60599 18.9399 3.65867
4763 4.60533 19.6801 3.40736
4767 4.61753 19.4546 3.10991
4772 4.37699 19.4576 2.90442
4790 4.72213 19.3422 2.19178
4797 4.80334 19.0992 1.23106
4801 4.9164 19.0324 0.35908
4805 4.96105 18.9231 0.52327
4811 5.00014 18.794 1.18862
4815 5.02991 18.6991 1.46808
4820 5.04326 18.625 1.50375
4865 5.2201 17.2136 1.446
4931 4.38212 15.5584 1.33593
4944 4.20701 15.0095 0.198549
-1 0 0 0
4953 4.44297 16.934 3.0021
4957 4.4528 17.5724 3.31615
4965 4.46033 18.9337 3.4393
4970 4.42814 19.6355 3.13671
4980 4.38798 19.3227 3.14406
4992 4.54176 18.9775 2.94966
4996 4.60367 18.8097 2.63098
5000 4.62425 18.6837 2.18484
5004 4.68314 18.5494 1.46186
5008 4.66912 18.4246 0.707358
5015 4.83956 17.2275 1.59921
5025 4.52135 17.0664 0.146932
5032 4.83033 16.9677 1.54806
5076 4.50168 15.4117 1.51486
5103 4.52454 16.842 2.87655
5108 4.51082 17.6237 3.32251
5112 4.51118 18.3778 3.50735
5116 4.54287 18.9947 3.47402
5124 4.53966 19.4683 3.05739
5142 4.4631 19.5439 2.45086
5147 4.44818 19.7812 1.73663
5151 4.44896 19.8749 1.05257
5158 4.44382 20.1795 0.323064
5203 4.49726 20.9863 0.251779
5220 4.07343 21.0213 1.50519
-1 0 0 0
5308 3.22789 16.5748 0.250935
5383 4.78083 14.7832 1.64486
5424 4.5719 16.9843 3.31597
5429 4.57347 18.0146 3.63487
5433 4.57661 18.5732 3.59694
5438 4.55694 19.2857 3.36109
5444 4.4964 19.696 3.44246
5449 4.40648 19.6972 3.78496
5458 4.24713 19.7256 3.74492
5463 4.15973 19.6931 3.38796
5471 4.05064 19.5624 2.43299
5475 3.95329 19.6215 1.49116
5482 3.88329 19.5612 0.408733
5488 3.83888 17.1136 0.253846
-1 0 0 0
5493 3.72429 19.7323 1.71622
5506 3.56016 19.8869 1.65468
5512 3.51635 19.8327 1.01042
5530 3.54846 18.8835 0.227792
5551 3.52193 19.1678 0.342689
5587 3.60955 18.9376 0.189522
5662 3.45012 18.4616 1.57976
5673 3.69975 18.6794 0.307182
5677 3.83867 18.7751 0.242866
-1 0 0 0
5691 0.240778 19.2511 0.653375
-1 0 0 0
5699 3.90607 18.6446 1.71496
5707 4.05891 18.3861 1.72543
-1 0 0 0
5796 4.51382 15.3851 1.54451
5827 4.40602 14.7974 0.112194
-1 0 0 0
5838 4.44939 16.4625 2.71563
5843 4.40111 17.2682 3.2417
5847 4.387 17.8335 3.45484
5852 4.42939 18.6659 3.47299
5857 4.40457 19.2197 3.29104
5861 4.56828 19.5038 3.23488
5866 4.96235 19.4137 3.39449
5870 5.28882 19.3069 3.33585
5875 5.68635 19.2061 3.0284
5879 5.99707 19.1251 2.56661
5884 6.28742 19.0431 1.98002
5888 6.65053 18.9227 0.998724
5892 6.96319 18.8437 0.180435
5900 7.38744 18.7429 1.25497
5910 7.9422 18.6814 1.73274
5919 8.34419 18.644 1.27132
-1 0 0 0
6078 4.32562 16.1594 0.997791
6086 4.48467 17.6388 3.30979
6091 4.49614 18.2292 3.59693
6095 4.5203 18.9713 3.71711
-1 0 0 0
6100 4.09245 16.3436 1.30852
6104 4.08484 16.3873 1.14413
6110 4.36643 16.3957 1.65419
-1 0 0 0
6125 4.45325 19.5568 2.28146
6129 4.4731 19.6327 1.75421
6134 4.47122 19.5602 0.823704
6141 4.38422 17.6564 0.0824307
6145 4.44421 19.4827 1.09757
6149 4.43127 19.4559 1.42545
6160 4.34884 19.3728 1.29554
6164 4.34063 19.3393 0.890487
6171 4.29726 19.2834 0.235713
6185 4.14838 19.0881 0.421211
6207 4.09739 17.9915 1.54151
6273 4.53584 17.4568 2.55186
6277 4.26104 16.6943 1.60557
6281 4.5259 18.4478 3.35853
6285 4.50783 19.1357 3.4831
6290 4.50479 19.6717 3.40425
6295 4.50524 19.4331 3.13729
6306 4.47107 19.4762 2.56462
6313 4.39998 19.3933 1.81197
6318 4.38167 19.3261 0.883643
6322 4.36138 19.2798 0.156054
6326 4.36939 19.0875 0.765507
6343 4.3586 18.503 1.32456
6363 4.56875 17.1384 0.210567
6447 4.50359 17.1971 2.83284
6452 4.52037 17.8604 3.38399
6458 4.55873 18.7368 3.65758
6464 4.6529 19.1218 3.63842
6469 4.60262 19.5074 3.25048
6479 4.52216 19.5242 2.90042
6490 4.53753 19.412 2.5405
6495 4.45247 19.2672 2.11117
6500 4.36896 19.1447 1.37347
6504 4.3326 19.0834 0.559901
6508 4.2241 18.9727 0.32337
6515 4.52456 17.8843 1.50931
6551 3.32605 17.5817 1.31184
6586 3.55789 16.7582 0.12043
6603 3.20981 16.4463 0.239929
-1 0 0 0
6608 4.10711 17.9481 3.20578
6612 3.41926 16.6397 1.35414
-1 0 0 0
6617 4.41076 19.0223 3.65708
6621 4.58591 19.4036 3.51797
6629 4.76913 19.4496 3.18129
6633 4.89023 19.1658 3.28101
6638 5.06726 18.8695 3.10256
6642 5.09698 18.6205 2.80126
6647 5.2278 18.3451 2.16194
6652 5.31971 18.1505 1.23722
6728 5.75637 16.0054 1.4542
6750 5.56899 17.0917 2.8631
6755 5.48048 16.1123 1.67737
-1 0 0 0
6759 5.33359 18.4532 3.61829
6763 5.25397 19.1298 3.67643
6768 5.10174 19.6873 3.51112
6773 4.9965 19.298 3.1324
6777 4.92774 19.0202 2.65371
6781 4.83406 18.7266 2.04223
6785 4.7615 18.4277 1.20984
6789 4.6961 18.1573 0.18036
6793 4.64172 17.8901 0.708125
6798 4.60051 17.6012 1.33306
6803 4.50944 17.3126 1.73613
6810 4.40523 16.8975 1.78902
6846 4.11546 15.814 0.0549726
-1 0 0 0
6856 4.31244 17.3932 2.94272
6860 4.31844 18.1139 3.44679
6866 4.40276 19.0998 3.73858
-1 0 0 0
6870 4.0681 16.2951 0.571434
-1 0 0 0
6875 4.46252 19.3714 3.38126
6879 4.45182 19.1071 3.15545
6883 4.424 18.7292 3.11199
6888 4.42996 18.3159 2.8422
6892 4.39467 17.9449 2.45844
6896 4.35889 17.6002 1.90838
6902 4.29884 17.4576 0.0767365
6935 4.33511 15.7921 1.23022
6962 4.39361 17.144 3.05771
6967 4.42828 17.982 3.45136
6972 4.44465 18.752 3.46069
6977 4.47249 19.4237 3.21681
6984 4.56944 19.1019 3.39817
6991 4.65289 18.4294 3.37642
6996 4.72055 17.9603 3.00106
7000 4.78962 17.5877 2.52568
7011 3.97123 16.0902 0.112991
7023 4.5525 16.7722 1.53488
7027 4.45374 16.0702 1.71926
7056 4.19982 16.1221 0.210566
-1 0 0 0
7062 4.55963 18.0082 3.2069
7066 4.56034 18.5216 3.35415
7071 4.61627 19.2303 3.32195
7076 4.66127 19.6647 3.12243
7085 4.87206 19.6563 3.19491
7089 4.96995 19.6373 2.95057
7094 5.11088 19.5473 2.3261
7098 5.23099 19.5537 1.65814
7103 5.31619 19.5089 0.645987
7108 5.38371 19.4437 0.525572
7112 5.48097 19.3764 1.0497
7119 5.6581 19.3437 1.62817
7123 5.7296 19.2959 1.65936
7131 5.81939 19.2011 1.3532
7135 5.91737 19.1323 0.801568
7140 6.04296 19.0872 0.176852
-1 0 0 0
7184 -1.80923 3.59471 0.676805
-1 0 0 0
7217 5.81872 18.2403 2.53023
7221 5.92698 17.7807 1.73029
7227 5.20292 19.0572 3.53616
7231 4.98749 19.4229 3.56918
7235 4.69901 19.7399 3.49488
7239 4.58132 19.5839 3.26409
7256 4.5723 19.3306 2.45334
7263 4.68598 19.4399 1.60041
7268 4.77131 19.4612 0.635394
7274 4.88128 19.5003 0.648607
7279 4.94859 19.5669 1.06572
7294 4.75234 18.1525 0.688819
7302 5.41969 19.9746 0.134052
-1 0 0 0
7336 -1.92789 5.49318 0.0633311
-1 0 0 0
7382 3.49007 17.9466 0.295308
7425 3.33849 16.9587 0.212412
7442 3.5616 17.2428 2.06207
7447 3.78796 18.0347 3.15741
7451 3.90473 18.5529 3.46361
7459 4.13268 19.633 3.59038
7463 4.23764 19.5194 3.43152
-1 0 0 0
7470 3.78231 16.6498 1.57346
7474 4.10931 18.7142 3.08118
7478 4.04531 18.4168 2.81094
7482 3.75367 16.8393 1.18605
7486 3.78797 16.7613 0.0705054
7515 3.83358 16.7531 0.947824
7543 4.31258 17.245 2.73177
7548 4.38062 17.8415 3.2688
7552 4.43433 18.509 3.50665
7559 4.54188 19.2838 3.41474
7564 4.60468 19.7123 3.14441
7572 4.82761 19.4265 3.14161
7577 4.97576 19.2559 2.78558
7582 5.08701 19.0712 2.20621
7586 5.19255 18.9118 1.51281
7592 5.36033 18.737 0.162332
7604 5.55472 18.6798 1.54339
7614 5.68737 18.6807 1.61424
7621 5.58278 17.2252 0.270483
7626 5.83239 18.7407 0.293947
7635 5.63887 17.8663 1.0845
7644 5.88786 18.4673 0.155767
7673 5.40346 17.4913 0.10178
7687 5.33555 17.804 2.05552
7692 5.16901 17.1471 1.33729
7696 5.30973 17.5331 1.64993
7702 5.18621 17.3371 1.58268
7707 4.73186 19.4914 3.55012
7711 4.66651 19.2074 3.16029
7715 4.6368 18.8891 3.03193
7719 4.64281 18.5519 2.76904
7723 4.65384 18.2163 2.34316
7729 4.79164 17.1362 0.470899
7757 4.61944 16.9523 0.159805
7773 4.7001 17.1996 2.12292
7778 4.40497 16.5436 0.33946
-1 0 0 0
7782 4.74254 18.1486 3.2796
7786 4.75449 18.5704 3.51305
7792 4.81546 19.2851 3.52295
7798 4.82425 19.6747 3.19101
-1 0 0 0
7804 4.67121 16.8561 0.213742
-1 0 0 0
7809 5.36447 19.3357 2.43481
7814 5.6838 19.1693 1.68559
7818 5.86977 19.147 0.940174
7822 6.11303 19.0695 0.177823
7827 6.3722 18.8652 0.885584
7831 6.58119 18.7404 1.25957
7835 6.81997 18.6099 1.50806
7839 7.07483 18.494 1.51917
7843 7.26783 18.3845 1.39004
7847 7.45204 18.2698 1.10875
7852 7.65923 18.1971 0.634066
7860 8.06205 17.8924 0.609198
7925 6.71642 16.6683 0.149122
7930 6.55433 16.6579 0.658566
-1 0 0 0
8006 4.74831 17.6306 3.0151
8011 4.42015 16.3999 0.373936
-1 0 0 0
8015 4.67058 18.8159 3.56999
8022 4.58001 19.6368 3.39428
8027 4.55802 19.4642 3.06694
-1 0 0 0
8034 4.7691 16.8547 0.160407
-1 0 0 0
8046 4.41891 19.5059 2.23715
8050 4.42739 19.6548 1.52931
8055 4.40901 19.7321 0.663534
8060 4.39237 19.8017 0.517805
8064 4.41995 19.8498 1.01977
8071 4.46022 20.0105 1.44868
8106 4.7249 19.5409 0.137062
8123 4.28544 20.1035 0.621212
8165 3.18419 18.0761 0.486216
8183 3.02119 17.408 0.341478
8255 3.31958 16.1326 0.0379353
-1 0 0 0
8265 4.00751 17.8404 3.04545
8269 4.20457 18.3551 3.37906
8273 4.3949 19.0157 3.53136
8281 4.70061 19.5212 3.29959
8286 4.83015 19.1626 3.16412
8292 5.04007 18.7381 2.87313
8296 5.14492 18.4449 2.50752
8301 5.36546 18.1761 1.7646
8309 5.57706 17.6789 0.097779
8338 5.84153 16.0162 0.0827469
8361 5.74804 16.0971 0.28412
-1 0 0 0
8371 5.18132 17.7604 3.06353
8376 4.95064 18.5088 3.34529
8382 4.70233 19.2515 3.37037
8387 4.47321 19.7485 3.15824
8392 4.38452 19.3501 3.24097
8397 4.28645 19.0452 3.04445
8403 4.16919 18.6035 2.50612
8408 4.07336 18.2953 1.73487
8414 3.96208 17.895 0.397714
8453 3.38776 16.8486 0.242227
8461 3.37208 17.4052 2.009
8465 3.15629 16.8723 0.26555
-1 0 0 0
8469 4.10206 19.1848 3.56673
8475 4.26505 19.6902 3.55562
-1 0 0 0
8479 3.44237 17.0507 1.70192
8483 3.58063 17.2296 0.163666
-1 0 0 0
8491 4.35304 18.5452 2.97793
8496 4.3834 18.2679 2.46558
8501 4.35716 17.9778 1.95749
8532 4.45272 17.1782 0.165334
8538 4.22612 16.6843 1.48702
8544 4.45611 18.6612 3.31945
8550 4.44779 19.354 3.36666
-1 0 0 0
8560 4.79374 16.8177 0.95006
-1 0 0 0
8579 4.47758 19.6842 2.09487
8584 4.44739 19.792 1.40751
8589 4.4328 19.9127 0.373255
8598 4.41201 20.127 1.04694
8628 4.31883 19.9173 1.50548
8650 4.24844 20.8111 1.55393
8685 5.38029 20.8866 1.47831
-1 0 0 0
9218 -1.67869 3.52651 0.729838
9435 -1.84119 3.59193 0.610893
9446 -1.67404 3.67487 0.77833
9478 -1.83226 3.60215 0.585834
9497 -1.9835 3.77087 0.514814
9682 -1.78485 5.46463 0.452243
10461 -0.597777 6.84943 1.41243
