742 888 1
893 966 0
999 1104 0
1245 1335 0
1380 1488 0
1509 1605 0
1638 1759 1
1909 1988 0
2015 2125 0
2228 2339 0
2472 2597 1
2716 2812 0
2860 2933 0
2977 3060 0
3108 3203 0
3337 3431 0
3480 3594 1
3626 3700 0
3725 3810 0
3852 3926 1
3982 4079 0
4104 4201 0
4249 4365 1
4466 4562 1
4730 4846 1
4940 5040 0
5092 5196 1
5409 5535 0
5822 5941 0
6074 6203 1
6266 6361 1
6434 6553 1
6598 6700 0
6742 6825 0
6845 6925 0
6950 7028 0
7051 7169 0
7211 7316 1
7436 7510 0
7534 7659 0
7683 7749 0
7769 7884 0
7996 8116 1
8251 8336 0
8362 8434 0
8453 8514 0
8532 8661 1