513 10.7787 5.46988 0.157209
669 6.97151 4.29324 2.31717
671 7.18519 4.26381 2.46636
672 7.60885 4.22424 2.73313
674 7.84122 4.20036 2.85384
675 8.26405 4.15147 3.06543
676 8.47919 4.13076 3.14635
677 8.69081 4.10548 3.22232
678 8.89897 4.08648 3.28337
678 6.48806 4.53384 1.58702
678 6.38004 4.78792 1.12522
678 6.4067 4.80246 1.16551
678 6.30958 4.79553 1.15975
678 6.38373 4.77538 1.20667
680 9.11695 4.06383 3.33504
680 6.49137 4.54951 1.56592
680 6.46123 4.50331 1.54198
680 6.38303 4.76435 1.08216
680 6.30486 4.77453 1.11567
680 6.55344 4.58966 1.47264
681 9.55129 4.02086 3.40852
683 9.75857 3.99829 3.43531
684 10.1612 3.96627 3.42078
685 10.3733 3.93927 3.3951
687 10.5875 3.91492 3.37784
688 10.9912 3.87908 3.30789
700 10.9844 3.70968 2.15116
700 10.9256 3.72548 2.13528
702 10.8122 3.71177 2.01249
702 10.7596 3.72511 1.99555
702 5.99459 4.38735 1.65023
703 10.4888 3.69798 1.6831
703 10.4443 3.70534 1.66272
704 10.3386 3.68842 1.48338
704 10.302 3.69889 1.46099
705 10.1916 3.68869 1.29707
705 10.1501 3.69749 1.2669
706 10.0321 3.67629 1.09947
708 9.7137 3.65233 0.67342
708 9.68114 3.65413 0.645274
710 9.44497 3.61648 0.120587
712 9.34788 3.60756 0.12964
713 9.04966 3.64407 0.543413
714 8.93336 3.63707 0.700671
715 8.83372 3.64305 0.829899
716 8.71329 3.6353 0.950542
718 8.59271 3.63103 1.07515
719 8.3703 3.62265 1.2756
720 8.25143 3.61593 1.35002
721 8.14337 3.62607 1.40664
722 8.02766 3.61652 1.45647
723 7.92882 3.61614 1.49512
724 7.81746 3.61107 1.53565
725 7.70402 3.5984 1.5656
726 7.62231 3.58871 1.5771
727 7.51479 3.5897 1.5732
728 7.39978 3.58119 1.56774
729 7.2871 3.58573 1.54456
743 6.50517 3.42977 1.32043
842 5.73916 9.05024 0.0265079
905 7.24944 10.9024 2.35228
906 7.4539 10.9032 2.5125
908 7.65162 10.9162 2.67364
909 8.05732 10.9296 2.94458
910 8.26044 10.9364 3.0601
911 8.46101 10.9471 3.17084
912 8.66139 10.9535 3.26947
913 8.85758 10.9602 3.36053
913 6.54222 11.3658 1.05783
914 9.06876 10.9726 3.44027
914 6.51091 11.3295 1.0042
916 9.27905 10.9681 3.50939
916 6.21149 11.2575 0.16438
917 9.67102 10.9807 3.60802
918 9.85131 10.9838 3.63399
919 10.0484 11.0117 3.65146
920 10.2646 10.9853 3.66475
921 10.4327 11.0135 3.67232
922 10.6229 11.0224 3.66425
923 10.8057 11.0251 3.63844
924 10.9854 11.0587 3.59471
935 10.9924 11.0419 2.64244
936 10.9679 11.1734 2.48313
936 10.8755 11.0633 2.49574
937 10.8505 11.1704 2.34293
937 10.8078 11.1749 2.32463
937 10.7347 11.0767 2.33818
938 10.6748 11.1808 2.17667
938 10.5991 11.088 2.17698
939 10.5522 11.1919 2.00619
939 10.5255 11.1948 1.97768
939 10.4627 11.1116 1.98297
940 10.3973 11.1921 1.79539
940 10.3355 11.1267 1.78692
941 10.2654 11.207 1.61661
942 10.1336 11.2101 1.40704
943 9.99456 11.2165 1.19411
943 9.87755 11.1474 1.18263
944 9.8532 11.2222 0.968872
944 9.76074 11.1511 0.946166
945 9.7118 11.2416 0.729716
945 9.68257 11.1852 0.718145
945 9.63081 11.1751 0.703129
946 9.57453 11.2419 0.481425
946 9.54801 11.1935 0.469343
946 9.5316 11.2411 0.456735
946 9.49894 11.1867 0.452728
947 9.39443 11.2544 0.141453
948 9.28621 11.2638 0.161361
948 9.36627 11.2368 0.125716
949 9.15161 11.2938 0.391277
950 9.07079 11.2917 0.577179
952 8.96494 11.2949 0.749049
953 8.76225 11.3063 1.04007
954 8.65791 11.3084 1.17077
956 8.55421 11.3149 1.28933
957 8.35359 11.3227 1.49391
958 8.24706 11.324 1.57748
959 8.15376 11.3277 1.65375
960 8.0535 11.3287 1.72171
962 7.96457 11.3274 1.77596
963 7.75544 11.349 1.8396
963 7.71652 11.3491 1.83885
964 7.63738 11.3475 1.86596
965 7.54284 11.3542 1.8656
966 7.43701 11.3655 1.85805
967 7.3526 11.3643 1.85503
967 7.31076 11.3642 1.85165
968 7.23293 11.3667 1.82769
969 7.13404 11.3704 1.78954
970 7.03457 11.3725 1.74341
971 6.93151 11.3761 1.68864
972 6.83453 11.3795 1.62273
973 6.72905 11.3858 1.54052
974 6.6355 11.3883 1.45236
975 6.54655 11.4081 1.36409
975 6.52786 11.3636 1.35769
977 6.42541 11.3676 1.23804
978 6.25436 11.3701 0.990029
978 6.21263 11.3665 0.983637
979 6.11192 11.3682 0.849436
980 6.01949 11.3797 0.694717
981 5.9287 11.3833 0.529171
982 5.94746 11.2579 0.316708
983 5.71568 11.3867 0.147647
985 5.62958 11.3972 0.253242
1130 5.25072 16.8823 0.138615
1131 5.27552 16.8797 0.138912
1136 6.68979 16.9581 2.30157
1137 6.87952 16.9688 2.44481
1137 5.46335 17.157 0.243768
1137 6.91819 16.9878 2.45346
1138 7.08074 16.9976 2.58242
1138 5.47309 17.1707 0.244022
1139 7.27853 17.0556 2.71019
1140 7.49116 17.0812 2.81936
1140 7.51599 17.0916 2.83917
1141 7.69791 17.1045 2.92393
1141 7.69265 17.1172 2.954
1142 7.90422 17.1354 3.0206
1142 7.89627 17.1484 3.05197
1144 8.08484 17.1554 3.1066
1145 8.49341 17.2158 3.24529
1145 6.07034 16.7996 1.76249
1146 8.70901 17.2493 3.31616
1146 6.08422 16.7135 1.73943
1148 8.91309 17.2781 3.36728
1149 9.31823 17.3358 3.41232
1150 9.52448 17.3642 3.42504
1150 6.30507 16.9925 1.4805
1151 9.71911 17.3874 3.42896
1151 6.38489 17.2469 1.39062
1152 9.92194 17.4073 3.42315
1152 5.92204 17.4596 0.169769
1152 6.31035 16.9889 1.42739
1153 10.1287 17.4392 3.40967
1153 5.9679 17.4764 0.15357
1153 5.92326 17.4544 0.165016
1154 10.323 17.4772 3.38313
1155 10.5196 17.503 3.33789
1156 10.7073 17.5315 3.28805
1158 10.9254 17.5616 3.23134
1167 5.99655 17.6161 0.794635
1169 10.9297 17.8017 1.91017
1170 10.7884 17.8193 1.73798
1171 10.6194 17.8308 1.5704
1172 10.4794 17.8446 1.37342
1173 10.3362 17.8535 1.17412
1174 10.2353 17.869 0.958776
1174 10.1564 17.8365 0.970879
1175 10.0835 17.8931 0.750601
1175 5.88685 17.5522 0.147556
1175 10.0177 17.8673 0.754997
1175 5.84194 17.5992 0.0857674
1177 9.87885 17.8921 0.518668
1178 9.63595 17.9504 0.13064
1178 9.71163 17.9473 0.078944
1179 9.52792 17.9732 0.287627
1179 9.62864 17.9716 0.210188
1180 9.36143 17.9325 0.531999
1181 9.29486 17.9768 0.665895
1182 9.21009 17.9876 0.776192
1184 9.07061 18.0117 0.93305
1184 8.93341 17.9224 0.976412
1185 8.83375 18.0281 1.16002
1185 8.77678 17.9651 1.17737
1186 8.70804 18.0382 1.2697
1186 8.65307 17.9769 1.29106
1187 8.58111 18.0409 1.34896
1188 8.47619 18.0443 1.4192
1190 8.35603 18.0569 1.48941
1190 8.30239 18.0176 1.50347
1191 8.11615 18.0851 1.58879
1192 8.01298 18.0882 1.61507
1193 7.888 18.099 1.63021
1194 7.77832 18.1112 1.63619
1195 7.69732 18.1352 1.63336
1195 7.64867 18.0225 1.6406
1196 7.5652 18.1482 1.62851
1196 7.52831 18.1035 1.63039
1197 7.43609 18.1468 1.60457
1198 7.32508 18.1605 1.57957
1199 7.21737 18.1667 1.52249
1200 7.10267 18.1776 1.47575
1201 6.99744 18.1934 1.41285
1202 6.86518 18.1767 1.30775
1203 6.7547 18.1928 1.22694
1204 6.65423 18.2027 1.1138
1205 6.55255 18.2037 1.00069
1206 6.43414 18.2169 0.890414
1207 6.31939 18.2252 0.7738
1208 6.21415 18.2324 0.628932
1239 5.20212 18.7938 0.153491
1240 5.30475 18.7225 1.28862
1310 7.34418 19.5669 2.29327
1313 7.36284 19.9075 2.58413
1314 7.41441 20.2157 2.79788
1315 7.42109 20.3734 2.90759
1316 7.43607 20.5214 2.99102
1317 7.45017 20.6671 3.05908
1319 7.45863 20.8122 3.13028
1338 7.69228 21.1979 2.4414
1339 7.76389 21.0993 2.10832
1340 7.78451 20.9966 1.93952
1341 7.77937 20.8568 1.78176
1342 7.78057 20.7461 1.57259
1343 7.78306 20.6277 1.39912
1349 7.83596 19.9619 0.189067
1349 7.91975 20.0427 0.135015
1351 7.69909 17.7438 1.04832
1352 7.83107 19.7637 0.685329
1353 7.85574 19.6861 0.834411
1354 7.84403 19.6271 0.968984
1355 7.87189 19.5453 1.06952
1356 7.90708 19.4839 1.18242
1357 7.9103 19.4125 1.27234
1358 7.8308 19.3481 1.42115
1358 7.88657 19.351 1.3674
1361 7.89203 19.1999 1.54189
1362 7.90489 19.0694 1.6761
1363 7.89403 18.9831 1.7253
1364 7.91098 18.9122 1.74577
1365 7.90729 18.8278 1.75519
1366 7.90249 18.76 1.77174
1367 7.90394 18.6823 1.77234
1368 7.89194 18.5977 1.75887
1369 7.90301 18.5337 1.73217
1370 7.90855 18.4907 1.68318
1389 7.39614 17.1678 0.150851
1553 0.839895 17.9912 0.363177
1555 0.777899 17.9827 0.296894
1595 0.560245 18.0799 0.253133
1629 0.474468 17.7686 0.137355
1631 0.465545 17.7806 0.0904174
1712 -1.95865 15.3663 2.41185
1714 -1.84499 15.3279 2.27075
1715 -1.6338 15.2903 1.94246
1716 -1.51791 15.264 1.77895
1717 -1.40188 15.242 1.6017
1722 -0.828501 15.1025 0.529143
1723 -0.736225 15.0557 0.242553
1724 -0.642681 15.0598 0.153739
1725 -0.598471 15.0763 0.253328
1726 -0.474884 15.0405 0.473935
1727 -0.395231 15.0196 0.635151
1728 -0.323037 15.0129 0.771944
1729 -0.240449 14.9839 0.908445
1731 -0.159687 14.9597 1.03138
1732 -0.0139108 14.9269 1.23406
1733 0.0684632 14.9325 1.32859
1734 0.131901 14.8856 1.40321
1735 0.235112 14.8439 1.4713
1736 0.270132 14.8799 1.51936
1801 0.579252 12.1237 2.34859
1801 0.571241 12.0413 2.40722
1802 0.431897 12.0586 2.46481
1802 0.403953 11.954 2.51991
1803 0.265539 11.9598 2.5635
1803 0.239664 11.8667 2.61368
1805 0.128208 11.8776 2.65084
1805 0.0693262 11.8001 2.67734
1806 -0.19932 11.6963 2.7936
1806 -0.260312 11.6008 2.85531
1807 -0.366438 11.6147 2.84451
1807 -0.411166 11.5891 2.89466
1807 -0.422671 11.5074 2.92113
1808 -0.570255 11.4974 2.93899
1808 -0.581661 11.4178 2.97037
1810 -0.864956 11.3138 3.00918
1810 -0.892503 11.2367 3.02865
1811 -1.02896 11.2283 3.01489
1811 -1.08359 11.1445 3.03751
1812 -1.20699 11.1076 3.02157
1812 -1.23751 11.0695 3.03642
1813 -1.3931 11.0142 3.02335
1814 -1.52812 10.9265 2.99685
1814 -1.57291 10.8984 3.01117
1816 -1.69531 10.8271 2.96556
1816 -1.73684 10.7988 2.98218
1831 -1.97303 9.84644 1.57259
1832 -1.7255 9.75243 1.23928
1833 -1.59476 9.71092 1.05968
1834 -1.46756 9.66427 0.866201
1835 -1.34294 9.61957 0.661281
1836 -1.22039 9.56709 0.445984
1837 -1.1153 9.54297 0.14003
1838 -1.01785 9.49256 0.14175
1838 -1.03056 9.52881 0.136476
1839 -0.904036 9.47179 0.223724
1839 -0.923134 9.53276 0.320955
1839 -0.957691 9.39485 0.255112
1839 -0.985686 9.58139 0.319346
1840 -0.803213 9.47501 0.496847
1841 -0.702994 9.44606 0.640931
1842 -0.604683 9.41325 0.771725
1843 -0.519948 9.39277 0.89768
1844 -0.356641 9.35041 0.989423
1845 -0.268248 9.33724 1.09161
1846 -0.180814 9.31138 1.18216
1847 -0.0594662 9.29324 1.2563
1848 0.0351317 9.26291 1.32238
1849 0.13111 9.24122 1.36695
1850 0.218421 9.2263 1.40843
1851 0.33174 9.18512 1.43948
1852 0.440837 9.15432 1.4558
1853 0.533477 9.13746 1.4648
1854 0.646643 9.10873 1.4669
1882 1.35259 7.83531 1.6683
1915 0.157951 6.29283 2.3581
1915 0.13636 6.25048 2.37952
1916 -0.016132 6.16196 2.47139
1917 -0.140166 6.10145 2.53923
1917 -0.19362 6.05504 2.57741
1919 -0.359993 5.95868 2.64428
1920 -0.639808 5.72653 2.76516
1920 -0.687928 5.70883 2.77094
1922 -0.796951 5.61211 2.82399
1922 -0.841924 5.58854 2.83504
1923 -1.13238 5.43654 2.89776
1923 -1.19864 5.41043 2.89724
1924 -1.27195 5.32686 2.91253
1924 -1.33919 5.29558 2.91605
1925 -1.41894 5.21998 2.9202
1925 -1.49224 5.18696 2.9245
1926 -1.56888 5.11836 2.90944
1926 -1.65342 5.08141 2.91284
1927 -1.71342 5.02974 2.90199
1927 -1.80835 4.98534 2.90337
1929 -1.98041 4.87813 2.87789
1945 -1.63825 3.72519 1.25721
1945 -1.72834 3.67816 1.23536
1946 -1.42557 3.58684 0.878283
1946 -1.49462 3.55015 0.860741
1947 -1.3378 3.54306 0.675898
1947 -1.4214 3.5063 0.63578
1949 -1.09422 3.40878 0.157996
1949 -1.15199 3.36855 0.136986
1950 -0.992409 3.37979 0.15255
1950 -1.05494 3.33547 0.139733
1950 -1.11337 3.36942 0.111685
1953 -0.712943 3.25967 0.631296
1953 -0.761873 3.22921 0.62266
1954 -0.613736 3.21838 0.771625
1954 -0.658816 3.18578 0.769185
1956 -0.548821 3.1647 0.884768
1957 -0.35975 3.0988 1.08315
1958 -0.260617 3.05507 1.17955
1959 -0.16534 3.02199 1.26039
1960 -0.0732118 2.9838 1.32053
1961 0.027867 2.94434 1.37911
1962 0.116977 2.90888 1.41858
1963 0.210942 2.88067 1.4447
1966 0.308551 2.8355 1.46226
1967 0.585527 2.72507 1.46741
1968 0.681206 2.69683 1.44276
2024 0.996217 1.14812 1.63985
2081 1.569 -1.53324 2.38582
2082 1.59221 -1.69774 2.50101
2084 1.6353 -2.05253 2.66674
2254 8.28381 -1.39263 2.22085
2255 8.4836 -1.40358 2.33767
2272 8.04625 -0.964642 1.53436
2278 8.06679 -1.12875 1.695
2281 8.12833 -1.10273 1.71037
2282 10.9347 -1.68019 1.70527
2284 10.6723 -1.69841 1.40196
2288 10.1986 -1.66035 0.872147
2291 9.7695 -1.78047 0.129219
2292 9.49922 -1.35924 0.474251
2306 8.51246 -1.54888 1.53285
2315 8.55798 -1.34316 1.55535
2364 9.90324 -1.56351 0.147865
2366 9.54418 -2.11055 1.72313
2366 9.86892 -1.60584 0.149919
2372 9.58325 -1.90917 1.53172
2373 9.54793 -1.94062 1.59465
2385 9.71996 -1.64897 0.123115
2389 9.62105 -1.70585 1.66742
2390 9.65644 -1.59492 1.50208
2391 8.12829 -3.33391 0.179416
2392 8.05924 -3.21357 0.176069
2394 8.01988 -3.19914 0.296451
2418 6.91642 -1.89538 1.16218
2419 6.90871 -1.88905 1.00532
2421 6.88899 -1.85028 0.887137
2423 6.75148 -1.69567 0.485583
2425 6.68498 -1.59596 0.290353
2427 6.7144 -1.69635 0.184538
